商品代碼:6770	商品名稱:力積電

日期	開盤價	最高價	最低價	收盤價	成交量
'2020/12/09 00:00	31.1000	84.0000	31.1000	55.7000	129935
'2020/12/10 00:00	55.1000	65.0000	51.8000	52.2000	66406
'2020/12/11 00:00	52.5000	57.3000	44.8500	46.6500	63803
'2020/12/14 00:00	47.3000	48.8500	43.0000	46.2500	35790
'2020/12/15 00:00	46.3000	48.5000	45.5000	46.2000	23208
'2020/12/16 00:00	46.5000	48.0000	46.0500	47.2500	23173
'2020/12/17 00:00	47.4000	51.8000	47.0000	50.8000	57244
'2020/12/18 00:00	50.9000	53.1000	50.0000	52.1000	43611
'2020/12/21 00:00	52.5000	55.2000	50.9000	52.2000	31001
'2020/12/22 00:00	52.4000	52.9000	49.8000	49.8000	32313
'2020/12/23 00:00	49.8500	51.4000	47.0000	50.2000	15346
'2020/12/24 00:00	50.2000	51.0000	45.1500	50.1000	12845
'2020/12/25 00:00	50.1000	50.7000	49.3500	49.7000	13060
'2020/12/28 00:00	50.0000	50.1000	48.9500	49.0500	16412
'2020/12/29 00:00	49.5000	50.0000	47.9500	48.4000	19181
'2020/12/30 00:00	48.4000	50.9000	47.5500	50.0000	16281
'2020/12/31 00:00	50.3000	52.0000	49.4000	50.0000	14833
'2021/01/04 00:00	50.0000	51.0000	48.8500	49.0000	16824
'2021/01/05 00:00	49.2000	49.8500	48.5000	49.0000	10389
'2021/01/06 00:00	49.2000	49.5000	47.9500	48.2000	16101
'2021/01/07 00:00	48.3000	48.6000	47.0000	47.9000	16579
'2021/01/08 00:00	47.9500	48.3500	47.5500	47.6500	12700
'2021/01/11 00:00	47.7000	48.0000	47.0000	47.2000	17010
'2021/01/12 00:00	47.3000	49.2500	47.0000	47.3500	16308
'2021/01/13 00:00	47.8000	48.3000	47.3500	47.9000	9110
'2021/01/14 00:00	47.8000	48.1000	47.3500	47.5500	10761
'2021/01/15 00:00	48.0000	48.5000	47.3500	47.5000	13957
'2021/01/18 00:00	47.3000	47.7000	46.7000	47.1000	7920
'2021/01/19 00:00	46.9500	48.2000	46.7000	47.8000	17525
'2021/01/20 00:00	47.8000	48.3500	46.8500	47.1500	16329
'2021/01/21 00:00	47.2000	47.4500	46.8500	47.0500	10278
'2021/01/22 00:00	47.0500	48.5000	46.5000	48.1500	21689
'2021/01/25 00:00	48.2000	51.2000	47.9000	51.0000	46998
'2021/01/26 00:00	51.2000	52.8000	49.8500	50.5000	36367
'2021/01/27 00:00	50.4000	52.0000	49.3500	49.8500	16367
'2021/01/28 00:00	49.8000	50.2000	48.4500	48.9500	14669
'2021/01/29 00:00	49.0500	49.9000	48.7000	49.0500	11177
'2021/02/01 00:00	48.9000	49.4000	48.0000	48.9500	7783
'2021/02/02 00:00	49.0000	50.3000	48.7000	49.7500	15350
'2021/02/03 00:00	49.9500	50.7000	49.6000	49.6000	14084
'2021/02/04 00:00	50.0000	50.5000	49.5000	50.2000	14149
'2021/02/05 00:00	50.2000	51.1000	50.0000	50.9000	20509
'2021/02/17 00:00	51.2000	57.4000	50.5000	57.3000	107732
'2021/02/18 00:00	57.2000	65.9000	56.7000	65.9000	126390
'2021/02/19 00:00	65.8000	70.8000	63.2000	70.3000	96214
'2021/02/22 00:00	70.6000	84.0000	70.0000	83.9000	150925
'2021/02/23 00:00	83.9000	90.0000	71.3000	80.9000	116444
'2021/02/24 00:00	80.9000	81.7000	74.6000	75.0000	84849
'2021/02/25 00:00	76.0000	81.5000	74.1000	77.2000	55469
'2021/02/26 00:00	76.5000	78.0000	71.3000	75.3000	37701
'2021/03/02 00:00	75.8000	80.1000	74.5000	75.9000	39928
'2021/03/03 00:00	75.8000	78.0000	72.8000	75.2000	31730
'2021/03/04 00:00	74.7000	75.5000	70.7000	70.9000	40245
'2021/03/05 00:00	70.7000	71.2000	64.0000	69.5000	50860
'2021/03/08 00:00	70.3000	72.7000	68.8000	69.9000	32173
'2021/03/09 00:00	69.5000	70.0000	67.2000	68.4000	24723
'2021/03/10 00:00	68.4000	70.4000	65.1000	65.6000	44833
'2021/03/11 00:00	65.7000	69.3000	64.7000	68.1000	38144
'2021/03/12 00:00	68.0000	70.4000	68.0000	70.4000	31583
'2021/03/15 00:00	70.4000	71.4000	69.5000	70.5000	18282
'2021/03/16 00:00	70.5000	71.7000	69.5000	70.0000	14514
'2021/03/17 00:00	70.4000	70.9000	69.2000	69.4000	10691
'2021/03/18 00:00	69.9000	71.0000	69.4000	71.0000	16021
'2021/03/19 00:00	70.9000	71.1000	69.4000	69.8000	9691
'2021/03/22 00:00	69.8000	72.0000	69.7000	70.8000	14349
'2021/03/23 00:00	71.2000	75.3000	70.8000	74.6000	43769
'2021/03/24 00:00	74.2000	77.0000	73.1000	75.2000	27421
'2021/03/25 00:00	75.2000	77.0000	73.2000	73.9000	20613
'2021/03/26 00:00	74.5000	76.0000	74.0000	75.5000	15901
'2021/03/29 00:00	75.5000	76.8000	75.0000	75.6000	22844
'2021/03/30 00:00	75.7000	76.0000	74.3000	74.8000	15102
'2021/03/31 00:00	74.9000	75.0000	72.7000	73.2000	22222
'2021/04/01 00:00	73.0000	75.0000	72.6000	73.6000	15752
'2021/04/06 00:00	73.6000	75.8000	73.1000	74.3000	18298
'2021/04/07 00:00	74.7000	76.6000	74.3000	76.6000	34118
'2021/04/08 00:00	76.1000	77.0000	73.1000	75.3000	25905
'2021/04/09 00:00	75.3000	76.0000	73.4000	73.8000	15218
'2021/04/12 00:00	73.7000	75.3000	73.0000	74.1000	20464
'2021/04/13 00:00	74.1000	76.3000	73.5000	75.2000	30787
'2021/04/14 00:00	75.2000	76.0000	72.9000	75.0000	28441
'2021/04/15 00:00	75.2000	75.5000	73.5000	74.3000	15400
'2021/04/16 00:00	74.0000	75.5000	72.7000	73.1000	29056
'2021/04/19 00:00	73.8000	73.8000	70.5000	71.3000	36448
'2021/04/20 00:00	71.3000	71.9000	69.7000	70.6000	14898
'2021/04/21 00:00	70.3000	70.8000	69.2000	69.4000	18522
'2021/04/22 00:00	69.7000	70.4000	69.1000	69.1000	21148
'2021/04/23 00:00	69.6000	69.6000	68.0000	69.3000	18705
'2021/04/26 00:00	69.5000	72.8000	68.0000	72.0000	38364
'2021/04/27 00:00	72.6000	73.1000	70.2000	71.3000	21798
'2021/04/28 00:00	70.8000	71.3000	69.7000	70.1000	14785
'2021/04/29 00:00	70.0000	70.1000	69.2000	69.6000	14016
'2021/05/03 00:00	69.2000	69.9000	66.6000	67.9000	28048
'2021/05/04 00:00	67.3000	68.0000	61.9000	63.5000	42179
'2021/05/05 00:00	63.5000	64.2000	61.6000	62.7000	19900
'2021/05/06 00:00	63.0000	63.5000	60.0000	60.7000	31576
'2021/05/07 00:00	61.2000	65.1000	59.9000	65.1000	31254
'2021/05/10 00:00	65.0000	66.0000	61.9000	62.3000	21026
'2021/05/11 00:00	62.2000	62.9000	59.3000	59.5000	27366
'2021/05/12 00:00	59.5000	60.2000	51.0000	54.9000	49729
'2021/05/13 00:00	54.9000	58.3000	51.0000	56.6000	29465
'2021/05/14 00:00	57.3000	58.8000	55.8000	55.9000	27876
'2021/05/17 00:00	55.0000	56.0000	50.0000	51.9000	34499
'2021/05/18 00:00	52.0000	58.5000	52.0000	58.2000	34135
'2021/05/19 00:00	58.0000	59.2000	55.8000	56.5000	14978
'2021/05/20 00:00	56.7000	57.2000	55.3000	55.8000	12662
'2021/05/21 00:00	56.2000	58.5000	55.8000	56.9000	11708
'2021/05/24 00:00	56.5000	57.9000	55.0000	56.9000	9517
'2021/05/25 00:00	57.0000	61.4000	56.9000	61.2000	30195
'2021/05/26 00:00	60.9000	66.8000	60.7000	61.7000	17788
'2021/05/27 00:00	61.8000	62.0000	59.1000	60.8000	14220
'2021/05/28 00:00	60.9000	62.2000	60.8000	61.1000	10423
'2021/05/31 00:00	61.2000	62.1000	59.8000	60.2000	15122
'2021/06/01 00:00	60.3000	60.9000	59.4000	59.8000	12831
'2021/06/02 00:00	59.5000	60.0000	58.2000	58.4000	16715
'2021/06/03 00:00	58.2000	60.8000	58.1000	59.9000	12060
'2021/06/04 00:00	59.6000	59.7000	58.3000	58.8000	8477
'2021/06/07 00:00	59.1000	60.4000	58.7000	60.2000	11480
'2021/06/08 00:00	60.2000	61.9000	59.8000	61.9000	17078
'2021/06/09 00:00	61.3000	62.9000	61.0000	61.4000	14257
'2021/06/10 00:00	61.1000	64.9000	61.0000	64.9000	31119
'2021/06/11 00:00	64.9000	66.6000	64.0000	66.4000	27726
'2021/06/15 00:00	66.4000	70.0000	66.4000	68.5000	23159
'2021/06/16 00:00	68.5000	69.4000	66.6000	67.4000	20125
'2021/06/17 00:00	67.0000	68.6000	65.7000	68.3000	15475
'2021/06/18 00:00	68.3000	68.9000	67.1000	68.5000	15601
'2021/06/21 00:00	68.0000	68.3000	66.5000	67.3000	15463
'2021/06/22 00:00	67.5000	68.6000	65.7000	66.3000	13829
'2021/06/23 00:00	66.3000	67.1000	65.0000	65.8000	18893
'2021/06/24 00:00	65.9000	66.3000	64.5000	65.9000	18150
'2021/06/25 00:00	65.9000	66.6000	64.9000	65.4000	11719
'2021/06/28 00:00	65.9000	66.0000	64.3000	64.8000	12848
'2021/06/29 00:00	64.5000	66.7000	64.5000	65.8000	13772
'2021/06/30 00:00	65.4000	69.0000	65.1000	68.9000	31361
'2021/07/01 00:00	68.9000	69.5000	67.5000	68.2000	19272
'2021/07/02 00:00	68.3000	69.1000	66.6000	68.1000	22719
'2021/07/05 00:00	68.9000	71.9000	68.1000	71.9000	47085
'2021/07/06 00:00	71.9000	73.3000	70.5000	72.4000	35819
'2021/07/07 00:00	72.4000	73.1000	71.1000	71.6000	23054
'2021/07/08 00:00	72.0000	72.4000	70.6000	70.6000	16641
'2021/07/09 00:00	70.6000	71.0000	69.5000	70.6000	15488
'2021/07/12 00:00	71.0000	72.4000	68.6000	69.2000	23982
'2021/07/13 00:00	69.1000	69.7000	66.6000	67.2000	37482
'2021/07/14 00:00	68.0000	69.4000	66.7000	67.7000	11626
'2021/07/15 00:00	67.7000	68.7000	67.2000	68.0000	10962
'2021/07/16 00:00	67.9000	67.9000	66.2000	67.2000	9517
'2021/07/19 00:00	67.0000	68.2000	65.3000	67.4000	13585
'2021/07/20 00:00	66.8000	67.4000	65.1000	66.2000	14808
'2021/07/21 00:00	67.0000	67.8000	64.9000	65.6000	14573
'2021/07/22 00:00	65.6000	67.1000	65.3000	66.2000	10606
'2021/07/23 00:00	66.8000	67.2000	65.9000	67.1000	7096
'2021/07/26 00:00	67.1000	67.5000	66.6000	67.1000	8214
'2021/07/27 00:00	67.5000	67.8000	65.5000	65.7000	9260
'2021/07/28 00:00	65.1000	66.1000	62.0000	63.4000	25994
'2021/07/29 00:00	63.5000	65.0000	63.1000	64.2000	9286
'2021/07/30 00:00	64.5000	69.3000	64.2000	67.8000	39276
'2021/08/02 00:00	68.4000	70.3000	67.1000	69.5000	26699
'2021/08/03 00:00	69.5000	70.6000	67.7000	70.6000	37709
'2021/08/04 00:00	70.0000	72.4000	70.0000	72.3000	36446
'2021/08/05 00:00	72.2000	73.0000	70.3000	72.4000	32143
'2021/08/06 00:00	72.4000	72.8000	71.4000	71.7000	20903
'2021/08/09 00:00	72.0000	72.4000	68.2000	69.1000	31515
'2021/08/10 00:00	69.3000	70.0000	67.9000	68.4000	14482
'2021/08/11 00:00	68.4000	68.6000	65.7000	66.6000	30722
'2021/08/12 00:00	66.6000	67.5000	65.7000	67.1000	8182
'2021/08/13 00:00	66.7000	67.4000	64.7000	64.9000	17149
'2021/08/16 00:00	64.7000	65.3000	63.3000	63.8000	16506
'2021/08/17 00:00	64.0000	65.5000	63.4000	63.8000	12126
'2021/08/18 00:00	64.3000	66.7000	62.5000	66.7000	12246
'2021/08/19 00:00	66.7000	66.7000	63.3000	63.3000	13912
'2021/08/20 00:00	63.9000	65.1000	63.3000	63.8000	10979
'2021/08/23 00:00	64.3000	65.9000	64.3000	65.5000	10755
'2021/08/24 00:00	65.3000	66.5000	63.9000	64.5000	10565
'2021/08/25 00:00	64.7000	66.1000	64.1000	65.4000	16220
'2021/08/26 00:00	66.3000	68.0000	65.5000	66.3000	11779
'2021/08/27 00:00	66.3000	66.8000	65.3000	66.0000	7879
'2021/08/30 00:00	66.1000	67.1000	65.7000	67.0000	7957
'2021/08/31 00:00	67.2000	67.5000	65.9000	67.2000	6218
'2021/09/01 00:00	67.6000	68.1000	66.6000	68.1000	9797
'2021/09/02 00:00	68.2000	69.7000	67.2000	67.9000	19828
'2021/09/03 00:00	68.2000	70.3000	67.7000	70.0000	33907
'2021/09/06 00:00	70.3000	70.8000	68.3000	68.5000	20850
'2021/09/07 00:00	69.3000	69.9000	66.1000	66.5000	22061
'2021/09/08 00:00	66.2000	66.7000	64.8000	65.3000	14928
'2021/09/09 00:00	65.3000	67.5000	64.2000	67.0000	7136
'2021/09/10 00:00	67.0000	67.9000	66.6000	67.1000	6932
'2021/09/13 00:00	67.3000	68.6000	66.8000	67.5000	7300
'2021/09/14 00:00	67.7000	67.8000	66.4000	66.9000	5470
'2021/09/15 00:00	66.9000	67.5000	65.9000	67.3000	11326
'2021/09/16 00:00	67.4000	68.2000	66.3000	67.0000	10434
'2021/09/17 00:00	66.9000	67.9000	66.7000	67.4000	12621
'2021/09/22 00:00	66.6000	66.6000	64.6000	65.7000	9541
'2021/09/23 00:00	66.3000	67.0000	65.8000	66.1000	5675
'2021/09/24 00:00	66.3000	67.2000	66.2000	66.7000	4888
'2021/09/27 00:00	66.9000	67.3000	66.1000	66.1000	4982
'2021/09/28 00:00	66.0000	66.4000	65.2000	65.3000	8316
'2021/09/29 00:00	64.8000	65.5000	63.9000	64.7000	16036
'2021/09/30 00:00	64.5000	65.3000	64.1000	64.9000	10355
'2021/10/01 00:00	65.0000	65.5000	63.9000	64.2000	14668
'2021/10/04 00:00	64.5000	65.2000	63.3000	63.3000	10772
'2021/10/05 00:00	63.3000	63.7000	61.0000	63.3000	11643
'2021/10/06 00:00	63.4000	64.0000	62.0000	62.5000	8884
'2021/10/07 00:00	62.4000	63.3000	62.4000	62.8000	13016
'2021/10/08 00:00	63.0000	63.4000	62.5000	63.0000	5090
'2021/10/12 00:00	62.9000	63.3000	62.2000	62.6000	9520
'2021/10/13 00:00	62.7000	62.8000	61.1000	61.8000	12130
'2021/10/14 00:00	61.8000	62.3000	61.7000	62.1000	4765
'2021/10/15 00:00	62.3000	63.8000	62.1000	63.3000	10231
'2021/10/18 00:00	63.5000	63.5000	62.2000	62.5000	5989
'2021/10/19 00:00	62.8000	63.0000	62.2000	62.6000	6320
'2021/10/20 00:00	62.7000	62.7000	61.6000	61.9000	12072
'2021/10/21 00:00	61.9000	62.9000	61.4000	62.9000	8899
'2021/10/22 00:00	62.9000	63.0000	62.2000	62.6000	3540
'2021/10/25 00:00	62.6000	62.7000	62.0000	62.5000	8714
'2021/10/26 00:00	62.5000	67.2000	62.3000	67.0000	25057
'2021/10/27 00:00	66.9000	68.5000	66.6000	68.3000	18524
'2021/10/28 00:00	68.0000	68.0000	65.3000	66.7000	17222
'2021/10/29 00:00	66.7000	66.8000	65.7000	66.3000	7630
'2021/11/01 00:00	66.3000	67.2000	65.9000	67.2000	7481
'2021/11/02 00:00	66.9000	68.7000	66.9000	68.0000	20416
'2021/11/03 00:00	68.0000	68.7000	67.6000	68.0000	9998
'2021/11/04 00:00	68.0000	68.8000	67.1000	68.1000	11135
'2021/11/05 00:00	68.3000	69.4000	67.9000	68.9000	17152
'2021/11/08 00:00	68.5000	70.9000	68.3000	70.9000	38326
'2021/11/09 00:00	71.0000	75.3000	70.8000	75.3000	74720
'2021/11/10 00:00	75.3000	76.6000	73.9000	75.2000	37984
'2021/11/11 00:00	74.6000	75.9000	73.0000	74.2000	24632
'2021/11/12 00:00	74.6000	75.7000	73.6000	74.0000	24072
'2021/11/15 00:00	74.1000	75.4000	74.1000	74.7000	18425
'2021/11/16 00:00	74.5000	75.1000	72.4000	72.8000	28424
'2021/11/17 00:00	72.7000	73.1000	70.1000	71.5000	24971
'2021/11/18 00:00	71.3000	73.3000	70.9000	73.0000	15116
'2021/11/19 00:00	73.1000	74.8000	72.9000	73.7000	12153
'2021/11/22 00:00	73.6000	75.5000	73.2000	73.9000	26750
'2021/11/23 00:00	73.9000	74.5000	73.1000	74.4000	14897
'2021/11/24 00:00	74.4000	74.8000	73.9000	74.5000	12453
'2021/11/25 00:00	74.7000	75.6000	74.5000	75.6000	20652
'2021/11/26 00:00	75.5000	75.9000	73.8000	74.4000	18964
'2021/11/29 00:00	74.0000	74.8000	72.7000	74.5000	14620
'2021/11/30 00:00	74.5000	76.4000	74.4000	75.9000	30179
'2021/12/01 00:00	76.0000	77.1000	75.2000	77.0000	26952
'2021/12/02 00:00	77.0000	79.4000	76.6000	78.9000	42056
'2021/12/03 00:00	79.3000	80.3000	77.6000	79.9000	53006
'2021/12/06 00:00	78.0000	78.9000	72.1000	75.9000	78882
'2021/12/07 00:00	76.0000	77.1000	73.5000	73.6000	45474
'2021/12/08 00:00	74.8000	75.0000	72.6000	72.7000	31525
'2021/12/09 00:00	72.2000	72.5000	70.9000	71.0000	36805
'2021/12/10 00:00	70.4000	74.2000	69.5000	72.7000	31059
'2021/12/13 00:00	72.5000	72.6000	71.0000	71.0000	18683
'2021/12/14 00:00	70.6000	70.9000	69.5000	69.8000	20018
'2021/12/15 00:00	70.0000	70.7000	69.6000	70.2000	11170
'2021/12/16 00:00	71.6000	71.7000	70.3000	70.6000	14350
'2021/12/17 00:00	70.0000	70.3000	69.7000	69.9000	14304
'2021/12/20 00:00	70.0000	70.1000	69.0000	69.3000	12552
'2021/12/21 00:00	69.8000	70.8000	69.3000	70.8000	11293
'2021/12/22 00:00	71.4000	71.7000	70.8000	70.8000	12179
'2021/12/23 00:00	71.4000	71.5000	70.2000	70.3000	9415
'2021/12/24 00:00	70.5000	71.0000	70.3000	70.4000	8084
'2021/12/27 00:00	70.9000	71.4000	70.8000	70.9000	9688
'2021/12/28 00:00	71.4000	71.6000	71.1000	71.4000	12196
'2021/12/29 00:00	71.6000	71.9000	71.2000	71.6000	9025
'2021/12/30 00:00	71.6000	71.7000	71.2000	71.2000	12121
'2022/01/03 00:00	71.2000	71.2000	69.8000	70.0000	16419
'2022/01/04 00:00	70.1000	70.2000	69.2000	69.2000	17016
'2022/01/05 00:00	69.4000	70.2000	69.0000	69.3000	10908
'2022/01/06 00:00	69.0000	69.0000	68.0000	68.5000	14455
'2022/01/07 00:00	68.4000	68.9000	66.5000	67.5000	18832
'2022/01/10 00:00	66.5000	67.3000	66.0000	67.0000	11880
'2022/01/11 00:00	67.4000	67.8000	66.7000	67.0000	9260
'2022/01/12 00:00	67.3000	67.5000	66.6000	66.9000	7177
'2022/01/13 00:00	67.1000	68.2000	67.1000	68.2000	11179
'2022/01/14 00:00	68.4000	68.5000	67.0000	67.3000	8168
'2022/01/17 00:00	68.2000	68.3000	67.5000	68.1000	9095
'2022/01/18 00:00	68.4000	68.4000	68.0000	68.0000	6306
'2022/01/19 00:00	67.0000	67.8000	66.8000	67.8000	6198
'2022/01/20 00:00	67.7000	68.0000	67.3000	67.9000	4538
'2022/01/21 00:00	67.7000	67.7000	66.5000	67.2000	8708
'2022/01/24 00:00	66.7000	66.8000	65.0000	66.2000	9807
'2022/01/25 00:00	66.0000	66.3000	65.5000	65.6000	9844
'2022/01/26 00:00	64.4000	65.3000	63.8000	65.2000	23832
'2022/02/07 00:00	64.7000	65.0000	62.6000	64.5000	21296
'2022/02/08 00:00	64.5000	66.3000	64.4000	66.1000	11760
'2022/02/09 00:00	66.5000	66.5000	65.3000	66.2000	11068
'2022/02/10 00:00	65.6000	65.9000	64.3000	65.0000	12883
'2022/02/11 00:00	64.3000	64.4000	63.7000	63.9000	12293
'2022/02/14 00:00	62.6000	62.6000	61.5000	61.5000	19003
'2022/02/15 00:00	61.3000	62.0000	60.4000	60.4000	19112
'2022/02/16 00:00	61.0000	61.4000	59.0000	59.2000	42061
'2022/02/17 00:00	59.5000	59.9000	58.1000	59.6000	29127
'2022/02/18 00:00	58.9000	59.3000	58.4000	59.2000	11020
'2022/02/21 00:00	59.0000	59.0000	58.5000	58.6000	10164
'2022/02/22 00:00	58.3000	58.4000	56.5000	56.6000	21466
'2022/02/23 00:00	56.1000	57.3000	56.0000	57.1000	15186
'2022/02/24 00:00	56.0000	56.1000	53.1000	53.3000	25478
'2022/02/25 00:00	53.6000	54.0000	52.3000	53.3000	20724
'2022/03/01 00:00	53.6000	56.3000	53.5000	55.9000	20520
'2022/03/02 00:00	54.5000	56.0000	54.1000	56.0000	10310
'2022/03/03 00:00	56.0000	56.1000	55.0000	55.4000	9843
'2022/03/04 00:00	54.7000	54.9000	53.8000	54.0000	10025
'2022/03/07 00:00	53.0000	53.1000	51.3000	52.2000	18402
'2022/03/08 00:00	50.6000	51.6000	49.7000	49.7000	22832
'2022/03/09 00:00	50.1000	50.6000	49.8000	50.2000	12857
'2022/03/10 00:00	51.4000	52.0000	51.3000	51.5000	10795
'2022/03/11 00:00	51.4000	51.5000	50.8000	50.9000	6197
'2022/03/14 00:00	51.0000	51.5000	50.7000	51.4000	7252
'2022/03/15 00:00	51.0000	51.1000	50.0000	50.4000	11887
'2022/03/16 00:00	50.9000	51.4000	50.2000	51.4000	12406
'2022/03/17 00:00	52.9000	53.4000	52.5000	52.9000	14798
'2022/03/18 00:00	53.0000	54.2000	52.5000	54.2000	16694
'2022/03/21 00:00	54.9000	55.3000	54.0000	54.5000	14757
'2022/03/22 00:00	54.6000	54.6000	53.8000	54.2000	8168
'2022/03/23 00:00	54.3000	54.7000	54.0000	54.2000	10167
'2022/03/24 00:00	53.6000	54.2000	53.3000	54.2000	7470
'2022/03/25 00:00	54.5000	54.7000	54.0000	54.1000	9280
'2022/03/28 00:00	53.8000	54.0000	52.7000	53.9000	7646
'2022/03/29 00:00	53.8000	53.9000	53.1000	53.8000	9934
'2022/03/30 00:00	54.0000	54.2000	53.3000	53.7000	11987
'2022/03/31 00:00	53.4000	53.6000	52.8000	53.0000	9073
'2022/04/01 00:00	52.3000	52.4000	51.7000	52.0000	9811
'2022/04/06 00:00	51.8000	54.3000	51.4000	54.3000	28210
'2022/04/07 00:00	54.3000	54.9000	53.8000	54.5000	21734
'2022/04/08 00:00	55.0000	55.2000	53.7000	54.3000	12914
'2022/04/11 00:00	54.5000	54.5000	52.3000	52.3000	11382
'2022/04/12 00:00	52.3000	52.5000	51.5000	51.8000	11469
'2022/04/13 00:00	52.9000	53.9000	52.4000	53.0000	18355
'2022/04/14 00:00	52.8000	52.8000	51.8000	52.0000	13712
'2022/04/15 00:00	51.6000	51.7000	51.1000	51.6000	9310
'2022/04/18 00:00	51.5000	51.6000	50.9000	51.0000	7222
'2022/04/19 00:00	51.4000	52.0000	51.4000	51.8000	9242
'2022/04/20 00:00	52.2000	56.0000	51.7000	54.5000	26911
'2022/04/21 00:00	54.3000	54.9000	54.0000	54.4000	17773
'2022/04/22 00:00	53.4000	54.5000	52.6000	54.4000	19679
'2022/04/25 00:00	53.0000	53.6000	51.8000	51.9000	11251
'2022/04/26 00:00	52.7000	52.7000	51.6000	51.9000	7905
'2022/04/27 00:00	50.5000	51.5000	50.3000	51.1000	12097
'2022/04/28 00:00	51.9000	54.2000	51.6000	52.8000	22546
'2022/04/29 00:00	54.0000	54.2000	53.1000	53.6000	16850
'2022/05/03 00:00	53.5000	53.8000	52.8000	53.0000	7807
'2022/05/04 00:00	53.5000	53.7000	53.0000	53.2000	6911
'2022/05/05 00:00	54.1000	55.0000	53.8000	55.0000	22338
'2022/05/06 00:00	53.6000	54.2000	53.4000	53.8000	16795
'2022/05/09 00:00	53.8000	54.2000	53.1000	54.0000	13574
'2022/05/10 00:00	53.3000	53.7000	52.7000	53.2000	16487
'2022/05/11 00:00	53.6000	54.5000	53.4000	54.4000	25292
'2022/05/12 00:00	54.0000	55.5000	53.9000	54.0000	32154
'2022/05/13 00:00	55.7000	57.7000	54.7000	56.5000	69183
'2022/05/16 00:00	57.4000	58.4000	57.0000	57.5000	42652
'2022/05/17 00:00	58.2000	58.3000	57.5000	57.8000	25236
'2022/05/18 00:00	58.5000	59.2000	58.1000	58.4000	26318
'2022/05/19 00:00	57.0000	59.0000	56.5000	59.0000	31053
'2022/05/20 00:00	59.2000	59.4000	58.5000	58.8000	20972
'2022/05/23 00:00	58.3000	59.2000	57.1000	57.2000	28988
'2022/05/24 00:00	57.5000	57.9000	56.4000	56.6000	20856
'2022/05/25 00:00	56.6000	57.6000	56.3000	56.6000	19255
'2022/05/26 00:00	57.0000	57.0000	55.2000	55.7000	25732
'2022/05/27 00:00	56.2000	56.8000	56.0000	56.5000	20671
'2022/05/30 00:00	57.1000	58.5000	57.0000	58.1000	32242
'2022/05/31 00:00	58.2000	58.8000	57.7000	57.8000	252368
'2022/06/01 00:00	58.0000	58.3000	57.5000	57.8000	19141
'2022/06/02 00:00	57.6000	57.6000	57.0000	57.2000	9800
'2022/06/06 00:00	57.7000	57.9000	56.3000	56.4000	15727
'2022/06/07 00:00	56.2000	56.3000	54.6000	55.7000	18587
'2022/06/08 00:00	55.5000	56.1000	55.2000	55.3000	15214
'2022/06/09 00:00	55.3000	56.1000	55.1000	56.1000	10387
'2022/06/10 00:00	55.5000	55.8000	55.1000	55.8000	6569
'2022/06/13 00:00	55.0000	55.0000	53.4000	53.5000	16386
'2022/06/14 00:00	52.5000	52.7000	51.7000	52.1000	21425
'2022/06/15 00:00	52.4000	52.6000	51.3000	51.4000	19131
'2022/06/16 00:00	52.0000	52.2000	50.0000	50.1000	25282
'2022/06/17 00:00	49.3000	50.9000	48.8000	50.4000	51347
'2022/06/20 00:00	50.3000	50.3000	47.8500	47.8500	32365
'2022/06/21 00:00	48.2000	48.8000	47.3500	48.4500	18179
'2022/06/22 00:00	48.8000	48.8000	46.3500	46.3500	18145
'2022/06/23 00:00	46.3500	46.5500	42.8000	43.5000	38899
'2022/06/24 00:00	43.9000	44.0000	42.6500	43.0000	22344
'2022/06/27 00:00	43.9000	44.8000	43.5500	44.2500	17619
'2022/06/28 00:00	44.3000	44.3000	42.6000	42.8000	18175
'2022/06/29 00:00	41.5500	42.1500	41.2500	41.7000	22095
'2022/06/30 00:00	41.6500	41.6500	40.0500	40.1000	21218
'2022/07/01 00:00	40.0500	40.7000	37.8000	37.8500	27889
'2022/07/04 00:00	38.0000	38.8500	37.6500	38.3000	15221
'2022/07/05 00:00	39.1500	39.4500	38.0500	39.0000	13724
'2022/07/06 00:00	39.1000	39.5500	38.5000	38.9500	17047
'2022/07/07 00:00	39.1500	40.9500	38.7500	40.4000	23821
'2022/07/08 00:00	41.1500	41.3500	40.3000	40.5500	15423
'2022/07/11 00:00	40.6500	41.0000	39.7000	40.1000	10642
'2022/07/12 00:00	39.5500	39.6000	38.1000	38.3500	14524
'2022/07/13 00:00	39.5000	39.7500	38.6500	39.2500	16481
'2022/07/14 00:00	38.5500	39.3000	38.3000	39.0000	14721
'2022/07/15 00:00	39.2500	40.5000	39.0000	40.0500	18663
'2022/07/18 00:00	38.5500	39.6000	38.0500	39.2500	37886
'2022/07/19 00:00	38.0000	38.9500	37.8000	38.7500	24939
'2022/07/20 00:00	39.7000	40.1500	39.5000	39.7000	21909
'2022/07/21 00:00	39.9500	42.0000	39.9000	41.8000	32464
'2022/07/22 00:00	42.3000	43.0000	41.4500	41.7500	27474
'2022/07/25 00:00	40.9500	40.9500	40.1500	40.2500	16330
'2022/07/26 00:00	40.0000	40.0000	38.6000	38.8500	23328
'2022/07/27 00:00	38.6000	39.5500	38.6000	39.4500	10892
'2022/07/28 00:00	40.0500	40.2000	38.2000	38.2500	25159
'2022/07/29 00:00	36.3500	36.3500	35.1000	35.2500	103987
'2022/08/01 00:00	35.3500	36.0000	35.2000	35.6500	30804
'2022/08/02 00:00	35.3500	35.4000	34.0000	34.2000	41201
'2022/08/03 00:00	33.5000	34.4000	33.5000	34.0000	27910
'2022/08/04 00:00	34.1500	34.3500	33.3500	33.8000	26325
'2022/08/05 00:00	34.1500	34.4500	33.8500	34.2000	35400
'2022/08/08 00:00	33.9000	34.0000	33.5500	33.6000	20734
'2022/08/09 00:00	33.4500	34.1500	33.4000	33.9000	20221
'2022/08/10 00:00	33.5500	33.6000	33.1500	33.2500	20499
'2022/08/11 00:00	33.9000	34.1000	33.7000	33.8500	36546
'2022/08/12 00:00	34.0500	35.5000	33.8500	35.3500	61892
'2022/08/15 00:00	35.6500	35.9000	35.1500	35.6500	42984
'2022/08/16 00:00	35.9000	36.5500	35.4000	35.5000	58115
'2022/08/17 00:00	35.5500	36.4500	35.3500	36.3000	43715
'2022/08/18 00:00	36.3000	36.4000	35.7000	35.8000	42397
'2022/08/19 00:00	35.9000	36.1000	35.5500	35.7000	26815
'2022/08/22 00:00	35.5000	35.5500	35.0500	35.0500	27237
'2022/08/23 00:00	34.1000	34.4500	33.8500	33.9500	28746
'2022/08/24 00:00	34.1000	34.2500	33.4000	33.4000	25686
'2022/08/25 00:00	33.6500	34.7500	33.6000	34.2500	25216
'2022/08/26 00:00	34.8000	35.3000	34.7500	34.8500	24150
'2022/08/29 00:00	33.7000	34.0000	33.5500	33.9000	21858
'2022/08/30 00:00	34.0000	34.3000	33.8000	34.0000	14767
'2022/08/31 00:00	33.8000	34.4500	33.4000	34.4500	45168
'2022/09/01 00:00	33.8000	33.9000	33.3000	33.6500	36543
'2022/09/02 00:00	33.6500	34.0500	33.5000	33.5500	22193
'2022/09/05 00:00	33.5000	33.7000	30.5000	30.5500	75863
'2022/09/06 00:00	30.9000	31.5500	30.6000	30.8000	34779
'2022/09/07 00:00	30.6000	30.7500	29.7500	30.1000	28020
'2022/09/08 00:00	30.6500	30.9000	30.2000	30.7000	19625
'2022/09/12 00:00	31.6000	31.9500	31.3500	31.7500	22539
'2022/09/13 00:00	32.2500	32.7000	31.8000	32.0000	29709
'2022/09/14 00:00	30.9000	31.6000	30.7500	31.6000	23841
'2022/09/15 00:00	32.2000	32.9000	31.9500	32.7500	32343
'2022/09/16 00:00	32.3000	32.4000	31.6000	32.1500	153987
'2022/09/19 00:00	32.1000	32.4000	31.4500	31.7500	28757
'2022/09/20 00:00	32.2000	32.2000	31.5000	31.5500	19577
'2022/09/21 00:00	31.6000	31.6500	31.2000	31.3000	19586
'2022/09/22 00:00	30.9500	30.9500	30.4000	30.5500	20066
'2022/09/23 00:00	30.6000	31.2500	30.5500	31.0000	18465
'2022/09/26 00:00	30.5500	30.7500	29.1500	29.3000	29184
'2022/09/27 00:00	29.6000	29.9000	29.3500	29.6500	13040
'2022/09/28 00:00	29.6000	29.7500	28.3500	28.5500	25379
'2022/09/29 00:00	29.1000	29.2500	26.0000	27.8000	63971
'2022/09/30 00:00	27.2000	28.6500	27.0500	28.5000	31504
'2022/10/03 00:00	28.0000	28.9000	27.7000	28.8000	18361
'2022/10/04 00:00	29.5500	29.9500	29.4500	29.8500	19511
'2022/10/05 00:00	30.4500	30.9500	30.0500	30.3500	24937
'2022/10/06 00:00	30.7500	30.7500	29.9000	30.1500	19087
'2022/10/07 00:00	30.0000	30.3500	29.7000	29.9500	11948
'2022/10/11 00:00	28.8500	28.9000	28.0000	28.0500	19178
'2022/10/12 00:00	28.1000	28.5000	27.6500	28.1000	19769
'2022/10/13 00:00	28.2000	28.3000	26.8500	26.9500	19078
'2022/10/14 00:00	28.1000	29.3000	28.1000	29.2000	25369
'2022/10/17 00:00	28.5000	29.5500	28.0000	29.5000	16670
'2022/10/18 00:00	30.0000	30.1500	29.3500	29.9000	14548
'2022/10/19 00:00	30.0000	30.3000	29.8000	29.9000	14032
'2022/10/20 00:00	29.5000	31.0000	29.4000	31.0000	25961
'2022/10/21 00:00	30.6500	31.4000	30.1500	30.2000	26988
'2022/10/24 00:00	31.0500	31.9500	31.0000	31.0000	35812
'2022/10/25 00:00	31.4000	31.5000	30.2500	30.4500	21720
'2022/10/26 00:00	30.3500	30.8000	30.2500	30.4500	14418
'2022/10/27 00:00	30.5500	30.9500	30.4500	30.9000	12795
'2022/10/28 00:00	30.5500	30.7000	29.7000	29.7000	18734
'2022/10/31 00:00	30.3500	31.0000	30.2500	30.8000	18166
'2022/11/01 00:00	30.6000	31.1500	30.6000	30.6500	12256
'2022/11/02 00:00	30.8000	31.4500	30.6500	31.3000	17214
'2022/11/03 00:00	30.8500	31.7000	30.8000	31.4500	16212
'2022/11/04 00:00	31.2000	31.8500	30.9000	31.8500	17315
'2022/11/07 00:00	32.3000	32.8000	32.2000	32.7500	27129
'2022/11/08 00:00	33.0000	33.0500	31.9000	32.0000	26837
'2022/11/09 00:00	32.3000	32.8000	32.2000	32.7000	22952
'2022/11/10 00:00	32.4000	32.6500	32.2000	32.6000	11590
'2022/11/11 00:00	34.5000	34.8000	33.2000	33.3000	37057
'2022/11/14 00:00	33.6500	33.9500	33.3000	33.4500	17202
'2022/11/15 00:00	33.5000	34.6500	33.3000	34.3500	39328
'2022/11/16 00:00	34.6500	34.7000	33.7000	34.0500	27861
'2022/11/17 00:00	33.8000	34.1500	33.3000	34.1500	18877
'2022/11/18 00:00	34.3000	34.7000	33.5000	33.6500	21293
'2022/11/21 00:00	33.7500	33.8000	32.8500	32.8500	13652
'2022/11/22 00:00	31.7000	32.1500	31.3000	31.8500	36069
'2022/11/23 00:00	32.1000	33.0000	32.1000	32.9500	27000
'2022/11/24 00:00	33.2000	33.4500	32.8500	33.3000	16373
'2022/11/25 00:00	33.2500	33.4500	32.8500	32.9000	13716
'2022/11/28 00:00	32.6000	32.6500	32.2000	32.2500	15496
'2022/11/29 00:00	32.2500	32.7500	31.8000	32.6000	14049
'2022/11/30 00:00	32.7000	33.3000	32.4500	33.3000	21100
'2022/12/01 00:00	34.0000	34.4500	33.7000	34.0000	30788
'2022/12/02 00:00	33.8000	34.6500	33.7000	34.6000	23782
'2022/12/05 00:00	34.8000	35.6500	34.6500	35.1500	41002
'2022/12/06 00:00	34.9000	34.9500	33.8000	33.9500	33793
'2022/12/07 00:00	33.7500	34.2000	33.1500	33.3500	19499
'2022/12/08 00:00	33.3500	33.4500	32.8000	33.0500	11844
'2022/12/09 00:00	33.6000	33.8000	33.2500	33.4500	11975
'2022/12/12 00:00	32.6500	32.7500	32.0500	32.2000	25355
'2022/12/13 00:00	32.5000	32.7500	32.3000	32.4000	14049
'2022/12/14 00:00	32.7500	33.4500	32.6500	33.3500	17276
'2022/12/15 00:00	33.1000	33.3500	32.9000	32.9500	13448
'2022/12/16 00:00	32.3000	32.8500	32.1000	32.6500	18171
'2022/12/19 00:00	32.3500	33.3000	32.3000	32.9000	15339
'2022/12/20 00:00	33.0500	33.4500	32.2500	32.3000	21328
'2022/12/21 00:00	32.6000	32.9000	32.4000	32.6500	14030
'2022/12/22 00:00	33.0500	33.5000	33.0000	33.4000	18402
'2022/12/23 00:00	32.9000	33.3500	32.7000	33.3000	10144
'2022/12/26 00:00	33.3500	33.4000	32.6000	32.7500	10782
'2022/12/27 00:00	32.7500	33.6500	32.7500	33.0000	15357
'2022/12/28 00:00	33.0500	33.0500	32.0500	32.1500	17364
'2022/12/29 00:00	31.9000	32.1000	31.4000	32.0500	12658
'2022/12/30 00:00	32.4500	32.6000	31.8500	31.8500	8693
'2023/01/03 00:00	31.8500	32.3500	31.4000	32.3500	12952
'2023/01/04 00:00	32.2500	32.7000	32.2000	32.2500	8048
'2023/01/05 00:00	32.6000	32.9500	32.5000	32.6500	12092
'2023/01/06 00:00	33.0000	33.4500	32.9000	33.4500	24827
'2023/01/09 00:00	34.0000	34.0500	33.0000	33.9000	42242
'2023/01/10 00:00	33.9000	34.3000	33.7000	34.0000	24120
'2023/01/11 00:00	34.0000	34.3000	33.7000	34.3000	21363
'2023/01/12 00:00	34.2500	34.3000	33.8500	33.8500	13929
'2023/01/13 00:00	34.2500	34.4000	33.6000	33.6500	15326
'2023/01/16 00:00	33.6500	33.6500	32.5000	32.5500	31978
'2023/01/17 00:00	32.3500	32.4000	32.0500	32.3000	20140
'2023/01/30 00:00	33.2000	33.9500	32.8500	33.9500	43746
'2023/01/31 00:00	33.9000	34.4500	33.7000	34.3000	28832
'2023/02/01 00:00	34.5500	35.1000	34.3000	35.0000	30730
'2023/02/02 00:00	35.4500	35.8500	35.2000	35.3000	33942
'2023/02/03 00:00	35.3000	35.3000	34.4000	34.5000	25345
'2023/02/06 00:00	34.2000	34.3000	33.7000	33.7000	19329
'2023/02/07 00:00	33.6000	34.1000	33.6000	33.8000	11014
'2023/02/08 00:00	34.2000	34.9000	34.0000	34.6000	20843
'2023/02/09 00:00	34.3000	34.5500	34.1500	34.1500	10749
'2023/02/10 00:00	34.1500	34.1500	33.7000	33.7000	13450
'2023/02/13 00:00	33.6000	33.6000	33.0000	33.1500	13282
'2023/02/14 00:00	33.5000	33.7000	33.4500	33.6000	8929
'2023/02/15 00:00	33.5500	33.7000	33.1000	33.2500	12114
'2023/02/16 00:00	33.3000	33.6500	33.3000	33.5000	9473
'2023/02/17 00:00	33.3000	33.4500	33.2000	33.3000	7618
'2023/02/20 00:00	33.3000	33.8000	33.3000	33.8000	10225
'2023/02/21 00:00	33.9500	34.1000	33.8000	33.9000	9256
'2023/02/22 00:00	33.2500	33.4000	33.0500	33.4000	16894
'2023/02/23 00:00	33.5000	33.7500	33.5000	33.6500	9765
'2023/02/24 00:00	33.8000	33.9500	33.3000	33.3000	12919
'2023/03/01 00:00	33.2500	33.3000	32.8500	33.1000	17218
'2023/03/02 00:00	33.1500	33.4000	33.0000	33.2500	8197
'2023/03/03 00:00	33.4000	33.7500	33.1500	33.6000	13705
'2023/03/06 00:00	34.0000	35.2500	33.8000	34.9500	55079
'2023/03/07 00:00	35.0000	35.3500	34.7500	35.1500	35643
'2023/03/08 00:00	34.8500	35.0000	34.5000	34.9500	24658
'2023/03/09 00:00	35.1000	36.2000	35.1000	35.1500	45603
'2023/03/10 00:00	34.9000	34.9000	34.3000	34.4500	23263
'2023/03/13 00:00	34.0500	34.2000	33.3000	33.8000	17279
'2023/03/14 00:00	33.5000	33.6000	33.2000	33.2000	14237
'2023/03/15 00:00	33.6000	33.9500	33.2500	33.2500	9472
'2023/03/16 00:00	33.1500	33.6000	33.1000	33.3500	8576
'2023/03/17 00:00	33.7000	34.6000	33.5000	34.6000	20989
'2023/03/20 00:00	34.5000	34.7500	34.1000	34.2000	9452
'2023/03/21 00:00	34.5000	34.6500	34.2000	34.2000	8688
'2023/03/22 00:00	34.4500	34.6000	34.2000	34.3000	10217
'2023/03/23 00:00	34.2000	34.4500	34.1000	34.2000	8609
'2023/03/24 00:00	34.3000	34.5000	34.2000	34.4000	11568
'2023/03/27 00:00	34.2000	34.2500	33.6500	33.7000	15296
'2023/03/28 00:00	33.7000	33.8500	33.0500	33.1000	15256
'2023/03/29 00:00	33.1500	33.3000	32.8500	32.9500	13789
'2023/03/30 00:00	33.3000	33.3000	32.8500	32.9000	12317
'2023/03/31 00:00	33.0500	33.7000	33.0500	33.1000	14011
'2023/04/06 00:00	33.1000	33.1500	32.6000	32.6000	15660
'2023/04/07 00:00	32.7000	32.8000	32.5000	32.6000	10351
'2023/04/10 00:00	32.5500	32.8500	32.5000	32.5000	10633
'2023/04/11 00:00	32.6000	33.2500	32.5000	33.2500	23963
'2023/04/12 00:00	33.2500	33.3500	33.0000	33.3000	11909
'2023/04/13 00:00	33.2000	33.2000	32.8000	33.1000	14846
'2023/04/14 00:00	33.3000	33.3500	32.8500	32.9000	11176
'2023/04/17 00:00	32.9500	33.0500	32.8500	32.9000	7194
'2023/04/18 00:00	33.0500	33.4000	32.9000	32.9000	13081
'2023/04/19 00:00	32.7500	32.7500	32.0500	32.1000	29279
'2023/04/20 00:00	32.0500	32.0500	31.0000	31.0000	33282
'2023/04/21 00:00	30.9500	30.9500	30.0500	30.0500	34822
'2023/04/24 00:00	29.8500	30.6000	29.5500	30.6000	28459
'2023/04/25 00:00	30.5500	30.6000	29.8000	30.0000	28645
'2023/04/26 00:00	29.7500	29.8500	29.1000	29.3000	30527
'2023/04/27 00:00	29.3500	29.6000	29.1500	29.5500	24824
'2023/04/28 00:00	29.9500	30.1000	29.5500	29.7000	22582
'2023/05/02 00:00	29.8500	30.9000	29.7500	30.9000	21386
'2023/05/03 00:00	30.8000	30.8500	30.5000	30.5000	9788
'2023/05/04 00:00	30.5000	31.2000	30.4000	31.1000	12237
'2023/05/05 00:00	31.0000	31.0000	30.6000	30.6500	6645
'2023/05/08 00:00	30.9000	30.9000	30.3000	30.3000	8186
'2023/05/09 00:00	30.4500	30.5500	30.2500	30.2500	7227
'2023/05/10 00:00	30.2500	30.4000	29.8500	30.0000	9500
'2023/05/11 00:00	30.1000	30.2500	29.8000	29.8000	7429
'2023/05/12 00:00	29.8000	30.0000	29.7000	29.8500	5517
'2023/05/15 00:00	29.8000	29.8500	29.5000	29.6000	5033
'2023/05/16 00:00	29.9000	30.4500	29.9000	30.2500	10384
'2023/05/17 00:00	30.2000	30.7000	30.1000	30.6000	11544
'2023/05/18 00:00	30.9000	30.9500	30.5000	30.6000	10366
'2023/05/19 00:00	30.7000	30.7500	30.1500	30.2500	11514
'2023/05/22 00:00	30.2500	30.3500	30.0000	30.2000	7392
'2023/05/23 00:00	30.3000	30.8000	30.2500	30.5500	7929
'2023/05/24 00:00	30.4500	30.5500	30.2500	30.5500	5110
'2023/05/25 00:00	30.5000	30.7000	30.4500	30.6500	6739
'2023/05/26 00:00	30.6500	31.0000	30.6500	30.7500	11641
'2023/05/29 00:00	31.0500	31.2000	30.7500	30.8500	8746
'2023/05/30 00:00	31.0000	31.3000	30.9000	31.1000	15219
'2023/05/31 00:00	31.3000	31.3000	30.9000	30.9000	13883
'2023/06/01 00:00	30.8500	30.9000	30.6000	30.6000	6718
'2023/06/02 00:00	30.8000	31.1000	30.7500	31.1000	10492
'2023/06/05 00:00	31.3000	31.4000	31.1000	31.1500	9583
'2023/06/06 00:00	31.2000	31.3500	31.0000	31.0500	6660
'2023/06/07 00:00	31.2000	31.6000	31.0500	31.5500	14904
'2023/06/08 00:00	31.5500	31.6000	30.8000	30.9000	12031
'2023/06/09 00:00	31.0000	31.1000	30.8000	30.9000	8702
'2023/06/12 00:00	30.9500	31.1500	30.5500	31.0500	9990
'2023/06/13 00:00	31.1000	31.4000	31.1000	31.2500	9931
'2023/06/14 00:00	31.3500	32.4500	31.3500	32.3000	33113
'2023/06/15 00:00	32.5000	32.7500	32.0000	32.7000	28976
'2023/06/16 00:00	33.1000	33.1000	32.0500	32.1500	19407
'2023/06/19 00:00	32.0000	32.0500	31.6500	31.8500	11455
'2023/06/20 00:00	31.8000	32.2000	31.5500	31.9000	10963
'2023/06/21 00:00	31.9500	32.1000	31.7000	31.9500	10117
'2023/06/26 00:00	31.7500	31.8500	31.3500	31.4000	9661
'2023/06/27 00:00	31.4000	31.4000	30.7000	30.7000	11827
'2023/06/28 00:00	30.8500	31.0500	30.6500	30.7000	6401
'2023/06/29 00:00	30.8500	31.1000	30.7000	30.9000	7033
'2023/06/30 00:00	30.7500	31.2000	30.7000	30.9500	7917
'2023/07/03 00:00	31.0000	31.3500	30.8500	30.8500	7922
'2023/07/04 00:00	30.8500	31.0000	30.7000	30.8000	8246
'2023/07/05 00:00	30.9000	31.9000	30.8000	31.5000	15941
'2023/07/06 00:00	31.4000	31.4000	30.6500	30.6500	18762
'2023/07/07 00:00	30.5000	30.5000	30.0500	30.1500	14194
'2023/07/10 00:00	30.0500	30.2000	29.8500	30.0000	12676
'2023/07/11 00:00	30.1000	30.3500	30.0500	30.1500	5834
'2023/07/12 00:00	30.1000	30.1500	29.8000	29.9000	10324
'2023/07/13 00:00	30.1000	30.2000	29.8000	29.8000	10988
'2023/07/14 00:00	30.0000	30.2500	29.8500	30.1000	7498
'2023/07/17 00:00	30.0000	30.3000	29.9500	30.1000	8218
'2023/07/18 00:00	30.2000	30.7000	30.1500	30.5000	18346
'2023/07/19 00:00	30.6000	30.6500	30.0000	30.1000	14569
'2023/07/20 00:00	29.8000	29.8000	29.0500	29.8000	31175
'2023/07/21 00:00	29.3000	29.5500	29.1000	29.5500	16050
'2023/07/24 00:00	29.4000	29.6000	28.9500	29.6000	17833
'2023/07/25 00:00	29.6000	30.5000	29.2500	30.2000	20049
'2023/07/26 00:00	30.1500	30.1500	29.6500	29.7000	11500
'2023/07/27 00:00	29.7500	30.1500	29.7500	30.0000	10960
'2023/07/28 00:00	30.0500	30.4500	30.0000	30.2000	10975
'2023/07/31 00:00	30.2500	30.3500	29.8500	29.9500	14782
'2023/08/01 00:00	30.0500	30.2000	29.8000	30.0000	13220
'2023/08/02 00:00	30.0000	30.0000	29.3500	29.5500	14601
'2023/08/04 00:00	29.5000	29.8000	29.4000	29.5000	7263
'2023/08/07 00:00	29.4500	29.7500	29.4000	29.7000	5635
'2023/08/08 00:00	29.7500	29.7500	29.1000	29.1000	13075
'2023/08/09 00:00	29.0500	29.3500	29.0500	29.2000	6487
'2023/08/10 00:00	29.4000	29.4000	29.0000	29.0000	9478
'2023/08/11 00:00	29.1000	29.1500	28.3000	28.4000	19831
'2023/08/14 00:00	28.3000	28.3000	27.0000	27.9500	19950
'2023/08/15 00:00	28.0500	28.0500	27.3500	27.3500	15307
'2023/08/16 00:00	27.0000	27.1500	26.4000	27.0500	18953
'2023/08/17 00:00	26.5500	26.9000	26.2000	26.8500	18998
'2023/08/18 00:00	26.7500	27.4500	26.5000	27.2500	15391
'2023/08/21 00:00	27.2000	27.4500	26.9000	26.9500	9965
'2023/08/22 00:00	27.0500	27.1000	26.7000	26.8000	11408
'2023/08/23 00:00	26.8500	27.4500	26.7000	27.4500	8196
'2023/08/24 00:00	27.6000	27.6500	27.3000	27.3000	10096
'2023/08/25 00:00	27.1000	27.2000	26.9000	26.9000	7158
'2023/08/28 00:00	26.9000	27.9000	26.8500	27.4000	9890
'2023/08/29 00:00	27.4000	27.5500	27.1500	27.3000	4425
'2023/08/30 00:00	27.5500	27.9000	27.5000	27.8500	8162
'2023/08/31 00:00	27.9000	28.3000	27.8000	27.8500	11362
'2023/09/01 00:00	27.9000	28.2500	27.9000	28.1500	4793
'2023/09/04 00:00	28.1500	28.4500	27.9500	28.2000	5394
'2023/09/05 00:00	28.0500	28.1500	27.8500	28.0500	4424
'2023/09/06 00:00	28.1500	28.2500	27.8000	27.8000	7115
'2023/09/07 00:00	27.7000	28.2500	27.6000	27.8000	7156
'2023/09/08 00:00	27.9500	28.0500	27.6000	27.6000	7292
'2023/09/11 00:00	27.6000	27.6500	26.9000	26.9000	10441
'2023/09/12 00:00	26.9500	27.2000	26.7000	27.1500	13098
'2023/09/13 00:00	27.1000	27.6500	27.1000	27.4000	6320
'2023/09/14 00:00	27.6000	28.1000	27.6000	27.9000	8352
'2023/09/15 00:00	28.2000	28.2000	27.8500	28.1000	11963
'2023/09/18 00:00	27.7000	28.0500	27.5500	27.8000	5629
'2023/09/19 00:00	27.8500	28.1500	27.7500	27.8500	5241
'2023/09/20 00:00	27.8500	27.8500	27.2500	27.2500	7026
'2023/09/21 00:00	27.2000	27.3500	27.0000	27.0000	9805
'2023/09/22 00:00	26.9000	27.1000	26.7500	26.9000	6183
'2023/09/25 00:00	27.1000	27.5500	27.0500	27.3000	5654
'2023/09/26 00:00	27.1000	27.1500	26.6500	26.6500	9925
'2023/09/27 00:00	26.6500	26.7500	26.3500	26.4000	8504
'2023/09/28 00:00	26.6000	26.8000	26.5000	26.5500	4247
'2023/10/02 00:00	26.8000	26.9000	26.6000	26.6000	5763
'2023/10/03 00:00	26.4500	26.8500	26.4000	26.6000	4819
'2023/10/04 00:00	26.3500	26.4000	26.0500	26.1000	11346
'2023/10/05 00:00	26.1500	26.5000	26.1500	26.4000	5363
'2023/10/06 00:00	26.4500	26.6000	26.3500	26.5000	4226
'2023/10/11 00:00	26.8500	27.2500	26.7000	27.0500	16181
'2023/10/12 00:00	27.2500	27.6000	27.0500	27.5500	11147
'2023/10/13 00:00	27.5500	27.9000	27.3000	27.7000	10422
'2023/10/16 00:00	27.8000	28.4500	27.3000	27.3500	23827
'2023/10/17 00:00	27.6000	28.3500	27.5500	27.8500	21358
'2023/10/18 00:00	27.8000	27.8000	27.3500	27.5000	13010
'2023/10/19 00:00	27.3500	27.6000	27.1000	27.3500	10124
'2023/10/20 00:00	27.6500	28.3000	27.3000	27.3000	24752
'2023/10/23 00:00	27.0500	27.1000	26.6500	26.6500	11802
'2023/10/24 00:00	26.5500	26.9000	26.2500	26.8500	9746
'2023/10/25 00:00	26.9000	28.1500	26.7000	27.5000	20591
'2023/10/26 00:00	27.1500	27.4500	26.8000	26.8000	11234
'2023/10/27 00:00	26.9000	27.0000	26.6000	26.6500	6167
'2023/10/30 00:00	26.7000	26.8500	26.5000	26.6000	5837
'2023/10/31 00:00	26.6500	26.9500	26.5000	26.5500	6112
'2023/11/01 00:00	26.9000	27.8000	26.8500	27.2000	13545
'2023/11/02 00:00	27.7500	27.8000	27.4500	27.6000	9189
'2023/11/03 00:00	27.9500	28.7500	27.6000	28.7000	37034
'2023/11/06 00:00	29.0000	29.3000	28.7000	28.7500	25146
'2023/11/07 00:00	28.7500	28.8500	28.2500	28.8500	11863
'2023/11/08 00:00	28.9000	28.9000	28.2000	28.3500	16351
'2023/11/09 00:00	28.4000	28.6500	28.2500	28.4500	8108
'2023/11/10 00:00	28.3500	28.3500	28.1000	28.1000	7776
'2023/11/13 00:00	28.4000	28.6000	27.7000	27.8500	14726
'2023/11/14 00:00	28.1500	28.6000	28.1000	28.3500	11819
'2023/11/15 00:00	28.7000	29.0000	28.5000	28.9000	21318
'2023/11/16 00:00	28.9500	29.1000	28.7000	29.0000	10989
'2023/11/17 00:00	28.9500	29.1500	28.8500	29.0500	11867
'2023/11/20 00:00	29.3000	29.7000	29.0500	29.3000	18697
'2023/11/21 00:00	29.5000	29.9000	29.3500	29.8000	18636
'2023/11/22 00:00	29.5500	29.5500	29.1000	29.2000	13385
'2023/11/23 00:00	29.2000	29.7000	29.2000	29.5000	11180
'2023/11/24 00:00	29.6000	29.7500	29.5000	29.7500	9411
'2023/11/27 00:00	29.7500	29.8000	29.3000	29.4000	9346
'2023/11/28 00:00	29.5000	29.9000	29.1500	29.8000	13346
'2023/11/29 00:00	29.7000	30.1000	29.7000	29.8500	12732
'2023/11/30 00:00	30.0000	30.1000	29.7500	30.1000	18147
'2023/12/01 00:00	30.0000	30.0500	29.6000	29.6000	10547
'2023/12/04 00:00	29.9000	29.9000	29.4000	29.7000	12009
'2023/12/05 00:00	29.5500	29.8000	29.2500	29.4000	8690
'2023/12/06 00:00	29.4000	29.4500	29.1500	29.1500	8518
'2023/12/07 00:00	29.1500	29.3000	28.7000	28.7000	10128
'2023/12/08 00:00	28.8000	29.1500	28.8000	28.8000	5853
'2023/12/11 00:00	28.8500	28.9000	28.7000	28.8000	6132
'2023/12/12 00:00	29.0500	29.6000	29.0000	29.6000	14495
'2023/12/13 00:00	29.6500	30.3000	29.3000	29.9000	32167
'2023/12/14 00:00	30.0500	30.1000	29.5500	29.6500	18801
'2023/12/15 00:00	29.8000	30.0000	29.6500	29.7500	18299
'2023/12/18 00:00	29.9000	29.9500	29.3000	29.4000	16214
'2023/12/19 00:00	29.3000	29.5000	28.8000	28.8000	12712
'2023/12/20 00:00	29.0500	29.2000	28.9000	28.9000	10878
'2023/12/21 00:00	28.7500	29.0000	28.6500	28.7500	9633
'2023/12/22 00:00	28.9500	29.6000	28.9500	29.1500	12215
'2023/12/25 00:00	29.2000	29.3000	28.9000	28.9000	4090
'2023/12/26 00:00	28.9000	29.4000	28.9000	29.2500	5063
'2023/12/27 00:00	29.3000	30.0000	29.3000	29.8000	15997
'2023/12/28 00:00	29.9000	29.9000	29.5500	29.7000	7313
'2023/12/29 00:00	29.8000	29.8000	29.4000	29.4500	6245
'2024/01/02 00:00	29.7000	29.7500	28.8000	28.8000	18932
'2024/01/03 00:00	28.8000	28.8000	28.1000	28.1000	21698
'2024/01/04 00:00	28.1000	28.4500	28.0500	28.2500	8414
'2024/01/05 00:00	29.4000	31.0500	29.1000	30.8500	130248
'2024/01/08 00:00	31.0000	31.1500	29.9000	29.9000	65732
'2024/01/09 00:00	30.1000	30.3500	29.4000	29.4500	25897
'2024/01/10 00:00	29.5000	29.6500	29.0000	29.0500	18870
'2024/01/11 00:00	29.1000	29.2000	28.7500	28.9000	15413
'2024/01/12 00:00	29.1000	29.3500	28.8000	28.9500	17216
'2024/01/15 00:00	29.2000	29.3000	28.9000	28.9000	10830
'2024/01/16 00:00	28.8000	28.8000	28.3000	28.4500	18405
'2024/01/17 00:00	28.3500	28.3500	27.5000	27.5500	30385
'2024/01/18 00:00	27.6000	27.7500	27.1000	27.2000	17014
'2024/01/19 00:00	27.3000	27.8000	27.2000	27.2500	18383
'2024/01/22 00:00	27.5000	27.8000	27.1500	27.4500	21768
'2024/01/23 00:00	27.5500	27.9000	27.5000	27.8500	13076
'2024/01/24 00:00	28.0000	28.5000	27.8000	27.9000	15498
'2024/01/25 00:00	28.2000	28.4000	27.9000	28.0500	12541
'2024/01/26 00:00	27.9000	27.9500	27.5500	27.9500	13914
'2024/01/29 00:00	28.0500	28.0500	27.6500	27.7000	9082
'2024/01/30 00:00	27.8500	27.8500	27.0500	27.0500	17640
'2024/01/31 00:00	27.0500	27.2500	26.9000	27.0000	15748
'2024/02/01 00:00	27.1000	27.1000	26.8500	27.1000	11645
'2024/02/02 00:00	27.2000	27.3500	26.7000	26.7000	20719
'2024/02/05 00:00	26.6500	26.9500	26.5500	26.8000	11942
'2024/02/15 00:00	27.0000	27.2500	26.7000	26.9000	14356
'2024/02/16 00:00	27.0000	27.6000	27.0000	27.3000	12657
'2024/02/19 00:00	27.4500	27.8000	27.4500	27.7500	10624
'2024/02/20 00:00	27.8500	27.8500	27.3500	27.4500	9234
'2024/02/21 00:00	27.3000	27.3500	27.1000	27.1500	8321
'2024/02/22 00:00	27.1500	27.3500	27.0500	27.1000	12404
'2024/02/23 00:00	27.0500	27.2000	26.7500	26.7500	13699
'2024/02/26 00:00	26.7000	26.9000	26.6500	26.7000	10744
'2024/02/27 00:00	26.7500	27.2000	26.5000	26.6000	16923
'2024/02/29 00:00	26.6000	27.6000	26.2500	27.6000	25800
'2024/03/01 00:00	27.2500	27.4000	26.9000	26.9000	17104
'2024/03/04 00:00	26.9500	27.0500	26.6000	26.9000	16080
'2024/03/05 00:00	27.1000	27.9000	27.0000	27.1000	33375
'2024/03/06 00:00	27.1000	27.2500	26.8000	26.8000	12741
'2024/03/07 00:00	26.9500	27.0500	26.6000	26.6000	14930
'2024/03/08 00:00	26.6500	27.3000	26.6500	26.9500	31962
'2024/03/11 00:00	27.0500	27.3000	26.8500	26.9500	10393
'2024/03/12 00:00	26.9500	27.1500	26.8000	27.1500	11909
'2024/03/13 00:00	27.2000	27.5000	26.6000	26.6000	19010
'2024/03/14 00:00	26.6500	26.9000	26.6000	26.6000	10749
'2024/03/15 00:00	26.6500	26.7000	26.3000	26.3000	22148
'2024/03/18 00:00	26.4000	26.9000	26.4000	26.8000	9919
'2024/03/19 00:00	26.8000	27.1500	26.6500	26.9500	11619
'2024/03/20 00:00	26.9500	27.2000	26.5500	26.6000	12177
'2024/03/21 00:00	26.8000	27.1000	26.7000	26.7500	11855
'2024/03/22 00:00	26.7500	26.8500	26.6000	26.6000	9341
'2024/03/25 00:00	26.5500	26.6000	26.3500	26.3500	10791
'2024/03/26 00:00	26.4000	26.5000	26.0500	26.0500	16834
'2024/03/27 00:00	26.0500	26.1000	25.5500	25.7000	21834
'2024/03/28 00:00	25.7000	26.0000	25.0500	25.9000	29204
'2024/03/29 00:00	25.9500	26.0000	25.6500	25.8000	10530
'2024/04/01 00:00	25.9500	26.3000	25.7500	25.9500	10009
'2024/04/02 00:00	26.0500	26.1000	25.8000	25.9000	7925
'2024/04/03 00:00	25.7000	25.7500	25.4000	25.4000	11990
'2024/04/08 00:00	25.3000	25.3500	25.1000	25.2000	13977
'2024/04/09 00:00	25.5000	25.9500	25.4000	25.6000	11962
'2024/04/10 00:00	25.8000	26.4000	25.7000	25.9500	19664
'2024/04/11 00:00	25.8500	25.9000	25.4000	25.4000	12546
'2024/04/12 00:00	25.4000	25.4500	25.2000	25.2000	12808
'2024/04/15 00:00	25.2000	25.2000	24.9000	25.0000	17599
'2024/04/16 00:00	24.8000	24.8500	24.0000	24.1500	26459
'2024/04/17 00:00	24.1500	24.2000	23.5000	23.6500	34511
'2024/04/18 00:00	23.5500	23.6000	23.0000	23.0500	35209
'2024/04/19 00:00	22.7500	23.0000	21.8500	22.2000	43049
'2024/04/22 00:00	22.2000	22.4500	21.7000	21.7000	27914
'2024/04/23 00:00	21.9000	22.1000	21.7000	21.8500	21470
'2024/04/24 00:00	22.1000	22.8000	22.0500	22.6000	27021
'2024/04/25 00:00	22.4500	22.4500	21.9000	21.9500	20637
'2024/04/26 00:00	22.1000	22.5000	22.1000	22.1500	29521
'2024/04/29 00:00	22.4000	23.2000	22.4000	23.2000	28552
'2024/04/30 00:00	23.2000	23.5000	22.8000	22.8500	19817
'2024/05/02 00:00	22.9000	23.8000	22.8500	23.6000	31413
'2024/05/03 00:00	24.2000	25.9000	24.2000	25.3500	95324
'2024/05/06 00:00	25.7000	25.9000	25.0500	25.2000	45330
'2024/05/07 00:00	25.2000	25.4000	24.6000	24.7000	25978
'2024/05/08 00:00	24.7500	25.1000	24.3500	24.7000	19460
'2024/05/09 00:00	25.0500	25.2000	24.7000	24.7500	15792
'2024/05/10 00:00	24.7500	24.9000	24.1500	24.3500	14284
'2024/05/13 00:00	24.3500	24.3500	23.9000	24.1000	15694
'2024/05/14 00:00	24.6000	25.2500	24.5500	24.8500	21858
'2024/05/15 00:00	24.5500	24.8500	24.3000	24.7000	25710
'2024/05/16 00:00	24.9000	26.7500	24.9000	26.4500	80279
'2024/05/17 00:00	26.7000	26.7500	25.6500	25.6500	42280
'2024/05/20 00:00	26.2000	26.2000	25.2500	25.4500	24741
'2024/05/21 00:00	25.4500	25.8000	25.3000	25.5500	12438
'2024/05/22 00:00	25.5000	26.7000	25.5000	26.1500	34685
'2024/05/23 00:00	26.4000	26.8000	26.1000	26.5500	37622
'2024/05/24 00:00	26.1000	26.1000	25.3500	25.6500	31119
'2024/05/27 00:00	25.6000	26.3000	25.6000	25.9500	30066
'2024/05/28 00:00	26.0000	26.4000	25.6000	26.3500	31075
'2024/05/29 00:00	26.3500	26.3500	25.8000	25.8000	19360
'2024/05/30 00:00	25.5500	25.9000	25.4000	25.4000	21491
'2024/05/31 00:00	25.4500	26.1000	24.6500	24.9000	287437
'2024/06/03 00:00	25.2500	25.5500	24.7000	24.7500	24071
'2024/06/04 00:00	24.5000	24.6500	24.2500	24.2500	16811
'2024/06/05 00:00	24.4000	24.5500	23.9000	24.3000	19080
'2024/06/06 00:00	24.4500	24.7500	24.1000	24.1500	13228
'2024/06/07 00:00	24.3000	24.9000	24.3000	24.7500	17025
'2024/06/11 00:00	24.8000	25.9000	24.8000	25.2000	29972
'2024/06/12 00:00	25.3000	25.5000	24.8500	25.2500	20936
'2024/06/13 00:00	26.0000	26.7500	26.0000	26.2000	63245
'2024/06/14 00:00	26.2500	26.7500	25.9500	26.7000	44095
'2024/06/17 00:00	26.8500	28.5000	26.6000	27.8000	93494
'2024/06/18 00:00	28.0500	28.1500	27.2000	27.5500	44006
'2024/06/19 00:00	27.6000	27.7000	26.6500	26.7000	38290
'2024/06/20 00:00	26.8000	28.0000	26.8000	27.6000	49038
'2024/06/21 00:00	27.4500	27.8000	27.2000	27.6000	24644
'2024/06/24 00:00	27.6000	27.6000	26.7500	26.8500	22811
'2024/06/25 00:00	26.9000	27.1000	26.3000	26.5500	14897
'2024/06/26 00:00	26.6000	26.7500	26.0000	26.3500	16424
'2024/06/27 00:00	26.3500	26.4000	26.0000	26.1000	11677
'2024/06/28 00:00	26.3000	26.9500	26.3000	26.8000	16914
'2024/07/01 00:00	27.0000	27.6000	26.9000	27.1500	26065
'2024/07/02 00:00	27.1000	27.2000	26.7000	26.7000	17825
'2024/07/03 00:00	27.0000	27.2000	26.8000	26.9000	11720
'2024/07/04 00:00	27.2000	27.4000	26.7000	26.9500	16536
'2024/07/05 00:00	26.9500	27.2000	26.6500	26.8000	11599
'2024/07/08 00:00	26.9000	27.3000	26.5500	26.7500	16489
'2024/07/09 00:00	26.8500	26.8500	26.0000	26.4500	22237
'2024/07/10 00:00	26.4500	26.5000	26.0500	26.1500	12479
'2024/07/11 00:00	26.5000	26.8500	26.3000	26.6500	15134
'2024/07/12 00:00	26.5000	26.9000	26.2500	26.4500	12123
'2024/07/15 00:00	26.5500	26.6500	25.7000	25.7500	24901
'2024/07/16 00:00	25.9000	26.2500	25.6500	25.6500	15168
'2024/07/17 00:00	24.3500	25.3000	23.6000	24.7500	63028
'2024/07/18 00:00	24.1000	24.3500	23.8000	24.1500	38209
'2024/07/19 00:00	24.2000	24.2000	23.7000	23.7000	23805
'2024/07/22 00:00	23.7500	23.7500	23.0000	23.2000	22628
'2024/07/23 00:00	23.3500	23.7000	23.2500	23.3000	15589
'2024/07/26 00:00	22.8000	23.1500	22.6000	23.1500	13932
'2024/07/29 00:00	23.4500	23.5500	22.7500	22.7500	14179
'2024/07/30 00:00	22.7500	23.0000	22.3000	23.0000	14999
'2024/07/31 00:00	22.7500	23.3000	22.7000	23.0000	8464
'2024/08/01 00:00	23.4500	23.8000	23.2500	23.7500	13436
'2024/08/02 00:00	23.2500	23.6000	23.0000	23.2000	14386
'2024/08/05 00:00	22.6000	22.6500	20.9000	20.9500	43022
'2024/08/06 00:00	21.1000	21.4000	19.6500	20.3500	31912
'2024/08/07 00:00	20.5000	21.5000	20.5000	21.3000	17975
'2024/08/08 00:00	20.6500	21.2000	20.6000	20.8500	10456
'2024/08/09 00:00	21.2500	21.8500	21.1500	21.4500	19184
'2024/08/12 00:00	21.7000	22.2000	21.6500	22.0000	9706
'2024/08/13 00:00	22.2000	22.2000	21.6500	21.8500	8960
'2024/08/14 00:00	22.2000	22.5500	22.0500	22.2000	11262
'2024/08/15 00:00	22.2500	22.2500	21.8500	21.9500	7498
'2024/08/16 00:00	22.3500	22.4000	22.0000	22.0500	8931
'2024/08/19 00:00	21.9000	22.1500	21.9000	22.0000	4788
'2024/08/20 00:00	22.2500	22.3500	21.9500	22.0000	6102
'2024/08/21 00:00	22.0000	22.0500	21.7000	21.7500	8241
'2024/08/22 00:00	21.8500	22.1000	21.7000	21.8500	5741
'2024/08/23 00:00	21.6500	21.7000	21.2500	21.5000	10133
'2024/08/26 00:00	21.6000	22.2000	21.6000	21.8500	9412
'2024/08/27 00:00	21.9000	21.9000	21.5000	21.7000	7572
'2024/08/28 00:00	21.6000	21.7000	21.4500	21.5500	6498
'2024/08/29 00:00	21.3500	21.5000	21.2500	21.5000	6826
'2024/08/30 00:00	21.6000	21.7500	21.4500	21.6000	7887
'2024/09/02 00:00	21.7000	21.7000	21.1500	21.1500	10662
'2024/09/03 00:00	21.2000	21.4000	20.7000	20.7000	12572
'2024/09/04 00:00	19.7500	20.0500	19.1000	19.8000	25107
'2024/09/05 00:00	20.6000	21.1000	20.3000	20.3500	21813
'2024/09/06 00:00	20.6500	20.9500	20.2000	20.3000	15415
'2024/09/09 00:00	19.6000	20.1000	19.5500	20.0000	13877
'2024/09/10 00:00	20.1000	20.1500	19.6000	19.6500	9682
'2024/09/11 00:00	19.8000	20.2000	19.8000	20.0000	9295
'2024/09/12 00:00	20.7000	20.7000	20.3000	20.3500	9258
'2024/09/13 00:00	20.3500	20.5500	20.3000	20.5000	5054
'2024/09/16 00:00	20.6000	20.8000	20.5500	20.8000	7221
'2024/09/18 00:00	20.9500	20.9500	20.4500	20.5000	8049
'2024/09/19 00:00	20.4500	20.7500	20.3000	20.6000	7845
'2024/09/20 00:00	20.8500	21.0500	20.7000	20.7000	10935
'2024/09/23 00:00	20.9000	20.9500	20.7000	20.8000	6675
'2024/09/24 00:00	20.8500	20.8500	20.6000	20.8500	5512
'2024/09/25 00:00	21.0500	21.6000	21.0000	21.3500	16222
'2024/09/26 00:00	21.5500	21.6500	21.1000	21.1500	8287
'2024/09/27 00:00	21.7000	22.2000	21.6500	22.0000	29267
'2024/09/30 00:00	21.8000	21.8000	21.3000	21.6000	12556
'2024/10/01 00:00	21.5000	21.5000	20.8500	20.9000	16149
'2024/10/04 00:00	20.8000	20.8500	20.3000	20.6000	13818
'2024/10/07 00:00	20.6500	20.8000	20.4500	20.7000	8681
'2024/10/08 00:00	20.6500	20.7000	20.2500	20.5500	10744
'2024/10/09 00:00	20.6000	20.7000	20.1000	20.1000	8449
'2024/10/11 00:00	20.3000	20.3000	20.1000	20.1500	5238
'2024/10/14 00:00	20.1500	20.2000	20.0000	20.1500	5453
'2024/10/15 00:00	20.1500	20.3500	20.1500	20.2500	6662
'2024/10/16 00:00	20.0500	20.0500	19.7500	19.8500	13982
'2024/10/17 00:00	19.9000	20.4000	19.9000	20.3000	10744
'2024/10/18 00:00	20.4000	20.4000	19.9000	19.9000	11170
'2024/10/21 00:00	19.9500	20.1000	19.8500	20.0500	8005
'2024/10/22 00:00	20.0500	20.2000	19.8500	20.0500	7162
'2024/10/23 00:00	20.3500	20.7500	20.0000	20.0000	25509
'2024/10/24 00:00	20.0500	20.1000	19.7000	19.7000	14953
'2024/10/25 00:00	19.7000	19.8000	19.2000	19.3000	21597
'2024/10/28 00:00	19.2500	19.3500	18.7500	19.0000	30749
'2024/10/29 00:00	18.9000	18.9500	18.5000	18.5500	16020
'2024/10/30 00:00	18.6500	18.7500	18.0000	18.0000	24404
'2024/11/01 00:00	17.5500	18.4000	17.3500	18.4000	20664
'2024/11/04 00:00	18.4000	18.8000	18.2000	18.3500	15343
'2024/11/05 00:00	18.3500	18.4500	18.0500	18.0500	10019
'2024/11/06 00:00	18.1500	18.5000	18.0000	18.3000	11648
'2024/11/07 00:00	18.2500	19.2000	18.1500	19.0000	14752
'2024/11/08 00:00	19.1000	19.1500	18.6500	18.7000	10240
'2024/11/11 00:00	18.7000	18.7000	18.1500	18.2000	11795
'2024/11/12 00:00	18.0000	18.2000	17.8000	17.8000	15963
'2024/11/13 00:00	17.8000	18.0500	17.6000	17.8000	10428
'2024/11/14 00:00	17.8000	17.9000	17.4500	17.4500	13585
'2024/11/15 00:00	17.5000	18.0500	17.5000	17.9000	7303
'2024/11/18 00:00	18.0000	18.2000	17.9000	18.1500	8103
'2024/11/19 00:00	18.1500	18.3000	17.9000	18.0500	7321
'2024/11/20 00:00	18.0500	18.1500	17.7000	17.7000	8549
'2024/11/21 00:00	17.7000	17.8500	17.6000	17.7500	10517
'2024/11/22 00:00	17.7000	17.8500	17.6000	17.6000	16465
'2024/11/25 00:00	17.7500	17.9000	17.4500	17.6000	16864
'2024/11/26 00:00	17.6500	18.1000	17.4500	17.9500	16145
'2024/11/27 00:00	17.9500	18.0000	17.1500	17.1500	22337
'2024/11/28 00:00	17.2000	17.3000	16.4000	16.6000	26624
'2024/11/29 00:00	16.7000	17.0000	16.6500	16.9500	14770
'2024/12/02 00:00	17.1000	17.2000	16.6500	16.6500	12173
'2024/12/03 00:00	16.8500	17.0500	16.7000	16.8500	11367
'2024/12/04 00:00	16.9500	17.1000	16.8000	17.1000	8952
'2024/12/05 00:00	17.0500	17.1000	16.7000	16.7000	8830
'2024/12/06 00:00	16.7500	17.1000	16.6500	16.8000	9492
'2024/12/09 00:00	16.8500	17.0000	16.5000	16.6500	10768
'2024/12/10 00:00	16.7000	17.2000	16.6500	16.7000	8560
'2024/12/11 00:00	16.7000	16.7000	15.7500	15.7500	34209
'2024/12/12 00:00	15.9000	16.3500	15.5000	15.5500	20486
'2024/12/13 00:00	15.6000	15.6000	15.0000	15.0500	33673
'2024/12/16 00:00	15.2500	15.5500	14.9500	15.0500	23373
'2024/12/17 00:00	15.2000	15.4500	15.0500	15.1000	16565
'2024/12/18 00:00	15.1500	15.9000	15.0000	15.6500	24418
'2024/12/19 00:00	15.4000	16.2000	15.3000	15.7500	23942
'2024/12/20 00:00	15.6000	15.7500	15.3000	15.3000	17907
'2024/12/23 00:00	15.5000	16.0000	15.5000	15.9000	20370
'2024/12/24 00:00	16.3000	17.3000	16.2500	16.7500	45837
'2024/12/25 00:00	17.0000	17.1500	16.4500	16.6000	22236
'2024/12/26 00:00	16.7000	16.8000	16.4500	16.5000	9884
'2024/12/27 00:00	16.5500	16.5500	16.1000	16.5500	13356
'2024/12/30 00:00	16.4500	16.4500	16.0000	16.0000	10042
'2024/12/31 00:00	15.9000	16.0000	15.6500	15.9000	10451
'2025/01/02 00:00	15.8500	16.1000	15.6500	15.7000	10217
'2025/01/03 00:00	15.8000	16.2000	15.6000	15.6000	9826
'2025/01/06 00:00	15.8000	16.1000	15.6500	15.8500	12950
'2025/01/07 00:00	16.0000	16.2000	15.1500	15.2000	20397
'2025/01/08 00:00	15.2000	15.3000	15.0500	15.1500	8383
'2025/01/09 00:00	15.1000	15.1500	14.2500	14.3000	28647
'2025/01/10 00:00	14.3000	14.6000	14.2000	14.2000	10461
'2025/01/13 00:00	14.1000	14.1500	13.5000	13.6500	25687
'2025/01/14 00:00	13.8500	14.2000	13.8000	14.1000	13618
'2025/01/15 00:00	14.1000	14.4000	13.9000	14.3000	8970
'2025/01/16 00:00	14.5000	14.6000	14.3500	14.4500	9817
'2025/01/17 00:00	14.4500	15.3000	14.3000	15.0000	25326
'2025/01/20 00:00	16.5000	16.5000	16.5000	16.5000	16927
'2025/01/21 00:00	18.1500	18.1500	18.1500	18.1500	21703
'2025/01/22 00:00	19.9500	19.9500	19.5000	19.9500	82858
'2025/02/03 00:00	19.5000	20.7000	19.2000	20.7000	189708
'2025/02/04 00:00	20.2500	20.2500	18.6500	18.6500	114427
'2025/02/05 00:00	18.8000	19.0000	18.3000	18.5500	53520
'2025/02/06 00:00	18.6500	18.8500	17.7000	18.3000	68344
'2025/02/07 00:00	18.1000	18.1500	17.5000	17.6000	45946
'2025/02/10 00:00	17.3000	17.4000	16.7500	16.8500	47390
'2025/02/11 00:00	17.2500	18.2500	17.1000	17.5500	67730
'2025/02/12 00:00	17.5500	17.6500	17.2000	17.2000	31542
'2025/02/13 00:00	17.4500	18.7000	17.3000	18.1500	73706
'2025/02/14 00:00	17.7500	18.5500	17.6000	18.3500	56760
'2025/02/17 00:00	18.3500	18.8500	18.0000	18.4500	48650
'2025/02/18 00:00	18.4500	18.7000	18.2500	18.4500	26054
'2025/02/19 00:00	18.4000	19.1000	18.4000	18.9000	45757
'2025/02/20 00:00	19.0000	19.1500	18.4000	18.4500	35051
'2025/02/21 00:00	18.3500	18.8000	18.3500	18.6500	22206
'2025/02/24 00:00	18.5500	18.8500	18.4000	18.7000	17233
'2025/02/25 00:00	18.5000	19.0500	18.4000	19.0000	33850
'2025/02/26 00:00	18.8500	18.9500	18.5000	18.5000	27435
'2025/02/27 00:00	18.5000	18.7500	18.2000	18.3500	19973
'2025/03/03 00:00	18.1000	18.1000	17.6000	17.6000	23203
'2025/03/04 00:00	17.2000	18.0000	17.1500	18.0000	15618
'2025/03/05 00:00	17.9500	18.6000	17.8500	18.6000	18984
'2025/03/06 00:00	18.7500	18.8000	18.0500	18.0500	17015
'2025/03/07 00:00	18.0000	18.3500	17.9000	17.9500	13405
'2025/03/10 00:00	18.0500	18.9500	18.0500	18.6000	30942
'2025/03/11 00:00	18.2000	18.2000	17.6500	18.0500	29336
'2025/03/12 00:00	18.0500	18.6000	17.8000	18.3000	29930
'2025/03/13 00:00	18.4000	18.5000	17.7000	17.7000	22693
'2025/03/14 00:00	17.7500	18.2000	17.5500	18.0000	18639
'2025/03/17 00:00	18.2000	18.3500	17.8500	17.9500	14384
'2025/03/18 00:00	18.0500	18.2500	17.8000	17.9500	12013
'2025/03/19 00:00	18.0000	18.2500	17.8000	17.8000	13071
'2025/03/20 00:00	17.9500	18.3500	17.9500	18.1500	13956
'2025/03/21 00:00	18.2000	18.2000	17.7500	17.8500	18003
'2025/03/24 00:00	17.9000	18.0000	17.6000	17.6000	9752
'2025/03/25 00:00	17.7500	17.9500	17.2000	17.2000	14526
'2025/03/26 00:00	17.3000	17.5500	17.2000	17.2000	6923
'2025/03/27 00:00	17.0500	17.4000	16.8000	17.1000	12644
'2025/03/28 00:00	17.0000	17.1000	16.3500	16.3500	16556
'2025/03/31 00:00	15.8000	15.8500	15.1500	15.2000	26222
'2025/04/01 00:00	15.5000	15.9000	15.4000	15.7000	15928
'2025/04/02 00:00	15.7000	16.0000	15.4000	15.8500	13630
'2025/04/07 00:00	14.3000	14.3000	14.3000	14.3000	5635
'2025/04/08 00:00	13.1000	13.7000	12.9000	13.2500	41032
'2025/04/09 00:00	13.1000	13.1500	11.9500	11.9500	40496
'2025/04/10 00:00	13.1000	13.1000	13.1000	13.1000	5008
'2025/04/11 00:00	13.0000	13.6500	12.3000	13.6500	22204
'2025/04/14 00:00	14.0000	14.7000	13.9500	14.2000	25934
'2025/04/15 00:00	14.3500	14.5000	14.1500	14.4500	11887
'2025/04/16 00:00	14.2500	14.3000	14.0000	14.1000	17072
'2025/04/17 00:00	14.0000	14.2500	13.8500	14.1000	9850
'2025/04/18 00:00	14.1500	14.4000	14.1000	14.1000	7533
'2025/04/21 00:00	14.2000	14.2500	13.8000	13.8000	6553
'2025/04/22 00:00	13.7000	13.9500	13.3500	13.7000	8171
'2025/04/23 00:00	14.1500	14.5500	14.1000	14.4000	17444
'2025/04/24 00:00	14.5000	14.5500	14.0000	14.0000	9674
'2025/04/25 00:00	14.3000	14.3500	13.9500	14.0000	10831
'2025/04/28 00:00	14.0500	14.2000	13.9000	14.1500	7604
'2025/04/29 00:00	14.4000	14.5000	14.1000	14.4000	13520
'2025/04/30 00:00	14.4000	14.4500	14.1500	14.1500	9984
'2025/05/02 00:00	14.3500	14.4000	14.2000	14.2500	8367
'2025/05/05 00:00	14.4000	14.6500	13.8000	14.1000	13943
'2025/05/06 00:00	14.2000	14.2000	14.0000	14.1000	5172
'2025/05/07 00:00	14.2500	14.3500	14.0500	14.1000	5719
'2025/05/08 00:00	14.2000	14.4500	14.1500	14.1500	7695
'2025/05/09 00:00	14.2500	14.5000	14.1500	14.5000	12169
'2025/05/12 00:00	14.7000	15.3000	14.6000	15.2500	18225
'2025/05/13 00:00	15.9500	16.3000	15.7500	16.0000	32753
'2025/05/14 00:00	16.0500	16.2000	15.7000	16.0000	18199
'2025/05/15 00:00	16.0500	16.1000	15.5500	15.6500	13764
'2025/05/16 00:00	15.6000	15.6000	15.3000	15.3000	13626
'2025/05/19 00:00	15.2500	15.6500	15.1000	15.3000	10191
'2025/05/20 00:00	15.5000	15.7500	15.4000	15.5500	13553
'2025/05/21 00:00	15.5500	15.7500	15.4000	15.7000	7982
'2025/05/22 00:00	15.5000	15.6000	15.3000	15.6000	8555
'2025/05/23 00:00	15.6000	15.6500	15.4500	15.4500	7930
'2025/05/26 00:00	15.5500	15.6000	15.3500	15.4500	7642
'2025/05/27 00:00	15.5500	15.8000	15.4000	15.5500	13697
'2025/05/28 00:00	15.7000	16.1000	15.3500	15.4000	17746
'2025/05/29 00:00	15.6500	15.8000	15.4000	15.5000	12463
'2025/06/02 00:00	15.5000	15.5000	14.7500	14.7500	14476
'2025/06/03 00:00	15.0000	15.1500	14.6000	14.6000	8678
'2025/06/04 00:00	14.7500	15.2000	14.7500	14.9000	10644
'2025/06/05 00:00	14.9000	15.3500	14.8000	15.0500	10016
'2025/06/06 00:00	15.0000	15.7500	14.9000	15.5500	16568
'2025/06/09 00:00	15.6500	15.7500	15.3000	15.6500	12212
'2025/06/10 00:00	15.7000	16.0500	15.6500	15.8000	13058
'2025/06/11 00:00	15.8500	15.9000	15.6000	15.6500	11227
'2025/06/12 00:00	15.6500	15.8500	15.5500	15.8000	11304
'2025/06/13 00:00	15.6000	15.6500	15.0000	15.0000	18417
'2025/06/16 00:00	15.0000	15.1500	14.8000	14.9000	7909
'2025/06/17 00:00	15.1000	15.4000	14.9500	15.0000	9381
'2025/06/18 00:00	15.0000	16.0000	14.9500	15.9500	21686
'2025/06/19 00:00	16.1500	16.1500	15.3000	15.4000	34576
'2025/06/20 00:00	15.3500	15.5500	14.7500	15.0000	21177
'2025/06/23 00:00	14.6500	14.9500	14.5000	14.9000	11752
'2025/06/24 00:00	15.1500	15.5000	15.1000	15.4000	15423
'2025/06/25 00:00	15.6000	15.6000	15.3000	15.4000	11412
'2025/06/26 00:00	15.5000	15.9000	15.4000	15.4000	15058
'2025/06/27 00:00	15.5500	15.7500	15.3500	15.4500	8946
'2025/06/30 00:00	15.4500	15.5500	15.3000	15.4000	7835
'2025/07/01 00:00	15.4000	15.6000	15.3500	15.5000	8515
'2025/07/02 00:00	15.6000	16.0500	15.3000	16.0500	27105
'2025/07/03 00:00	17.2000	17.6500	16.3000	17.6500	98948
'2025/07/04 00:00	17.8000	18.6000	17.4000	17.6500	205691
'2025/07/07 00:00	17.5000	17.5000	16.8000	17.3000	49612
'2025/07/08 00:00	17.2000	17.2000	16.2500	16.2500	46450
'2025/07/09 00:00	16.2500	16.3500	15.8500	15.9500	30236
'2025/07/10 00:00	16.0000	16.1500	15.6000	15.6000	19506
'2025/07/11 00:00	15.7000	16.2000	15.6500	16.1500	22658
'2025/07/14 00:00	16.2500	16.3500	15.9000	16.2000	13604
'2025/07/15 00:00	16.1000	16.4000	16.1000	16.3000	9525
'2025/07/16 00:00	16.2000	16.4000	16.2000	16.2500	11051
'2025/07/17 00:00	16.2500	16.7500	16.1500	16.6500	18543
'2025/07/18 00:00	16.8000	16.9500	16.5000	16.6500	16602
'2025/07/21 00:00	16.6000	17.1000	16.3500	16.8500	20967
'2025/07/22 00:00	17.2000	17.3000	16.1000	16.2500	55362
'2025/07/23 00:00	15.8000	15.8000	15.4500	15.7000	41541
'2025/07/24 00:00	15.6500	15.7000	15.2000	15.2500	29673
'2025/07/25 00:00	15.2500	15.6000	15.2000	15.3000	15267
'2025/07/28 00:00	15.2500	15.3500	15.0500	15.1500	16325
'2025/07/29 00:00	15.1500	15.3000	14.9000	14.9000	18816
'2025/07/30 00:00	14.9000	15.5000	14.8000	15.3500	22142
'2025/07/31 00:00	15.3000	15.3500	15.0000	15.0000	13933
'2025/08/01 00:00	14.8000	15.2500	14.6500	15.2500	12255
'2025/08/04 00:00	14.8500	15.0000	14.7000	14.9500	24270
'2025/08/05 00:00	15.0000	15.6000	15.0000	15.3000	16236
'2025/08/06 00:00	15.3000	15.3000	14.9500	15.0500	12491
'2025/08/07 00:00	15.1000	15.2000	14.8500	14.8500	12221
'2025/08/08 00:00	14.8000	15.2500	14.8000	14.9000	15362
'2025/08/11 00:00	14.9500	15.0500	14.7500	15.0000	10144
'2025/08/12 00:00	15.0000	15.4000	15.0000	15.3000	13470
'2025/08/13 00:00	15.4000	15.7000	15.2500	15.3000	16693
'2025/08/14 00:00	15.3000	15.7000	15.3000	15.6000	17532
'2025/08/15 00:00	15.7000	15.7000	15.4000	15.6000	12427
'2025/08/18 00:00	15.6500	15.9000	15.5500	15.9000	18732
'2025/08/19 00:00	16.0000	16.2500	15.7000	15.9000	13835
'2025/08/20 00:00	15.9000	15.9000	15.3500	15.4500	13083
'2025/08/21 00:00	15.5000	16.0000	15.5000	15.9000	13452
'2025/08/22 00:00	15.9000	15.9500	15.6000	15.7000	8161
'2025/08/25 00:00	15.9500	16.2000	15.8000	15.8000	14000
'2025/08/26 00:00	15.7500	15.9000	15.7000	15.8000	8023
'2025/08/27 00:00	15.9500	16.1500	15.8000	15.8500	12647
'2025/08/28 00:00	15.9500	16.1000	15.8500	16.0500	11131
'2025/08/29 00:00	16.1500	16.5000	15.9000	15.9000	16430
'2025/09/01 00:00	15.9000	15.9500	15.6500	15.7500	8608
'2025/09/02 00:00	15.8500	16.0500	15.3500	15.4000	10514
'2025/09/03 00:00	15.4500	15.7000	15.3000	15.3500	9027
'2025/09/04 00:00	15.5000	15.9000	15.4500	15.7000	10861
'2025/09/05 00:00	15.8000	16.2000	15.7500	16.0500	18219
'2025/09/08 00:00	16.2500	16.9500	16.2500	16.5500	50634
'2025/09/09 00:00	16.5500	16.7000	16.2500	16.5000	15474
'2025/09/10 00:00	16.6500	16.9000	16.3000	16.7000	24399
'2025/09/11 00:00	16.8000	17.4000	16.6000	17.2000	46411
'2025/09/12 00:00	17.5000	18.9000	17.4500	17.9500	201098
'2025/09/15 00:00	18.1000	18.2500	17.6000	17.8500	53832
'2025/09/16 00:00	17.8500	18.9000	17.6000	18.5500	75309
'2025/09/17 00:00	18.6000	20.4000	18.6000	20.4000	163282
'2025/09/18 00:00	21.2500	22.4000	20.9500	22.4000	324723
'2025/09/19 00:00	22.8000	23.1500	22.0000	22.1000	313504
'2025/09/22 00:00	22.0500	22.6000	21.1500	21.3500	136926
'2025/09/23 00:00	21.6500	23.4500	21.6500	23.4500	258808
'2025/09/24 00:00	23.7000	24.7000	22.9000	23.8500	361618
'2025/09/25 00:00	23.0000	24.0000	22.9500	23.1000	121889
'2025/09/26 00:00	22.7500	23.5000	22.2000	23.1000	120818
'2025/09/30 00:00	25.3500	25.4000	24.9500	25.4000	151968
'2025/10/01 00:00	25.4000	27.9000	25.2000	27.9000	403847
'2025/10/02 00:00	30.1000	30.1000	27.4000	27.7000	438752
'2025/10/03 00:00	27.5000	28.4000	26.8500	27.2000	252970
'2025/10/07 00:00	27.8000	29.9000	27.6500	29.9000	365102
'2025/10/08 00:00	29.1000	31.3500	28.5500	31.0000	383548
'2025/10/09 00:00	31.5000	32.0000	30.2000	30.3000	328919
'2025/10/13 00:00	27.5500	29.3000	27.4500	29.2500	205148
'2025/10/14 00:00	30.6000	31.0000	27.3000	27.3000	293398
'2025/10/15 00:00	28.3500	28.4500	27.4000	27.8000	138414
'2025/10/16 00:00	28.5000	30.2500	28.4500	28.8000	292038
'2025/10/17 00:00	28.5000	30.7500	28.3000	29.5000	250232
'2025/10/20 00:00	30.5000	31.3000	29.4500	30.3000	245998
'2025/10/21 00:00	30.4500	30.7500	29.4500	30.7000	181942
'2025/10/22 00:00	28.5000	29.2000	28.0000	28.0000	276611
'2025/10/23 00:00	27.4000	28.9000	27.3500	28.6500	186458
'2025/10/27 00:00	30.5000	31.5000	30.5000	31.5000	346510
'2025/10/28 00:00	32.1500	33.6000	31.5000	31.9500	587816
'2025/10/29 00:00	32.0000	33.4000	30.5500	32.2500	387522
'2025/10/30 00:00	32.9000	34.1000	32.4000	33.0500	406256
'2025/10/31 00:00	32.9500	33.0000	31.5000	31.5000	196772
'2025/11/03 00:00	31.8500	32.4500	30.1000	30.1000	235147
'2025/11/04 00:00	30.3000	30.6500	29.0000	29.0500	176885
'2025/11/05 00:00	28.0000	30.1500	27.9000	29.9500	176470
'2025/11/06 00:00	30.6500	31.5000	30.1500	31.2500	209450
'2025/11/07 00:00	30.8000	31.3500	30.2000	30.5500	120793
'2025/11/10 00:00	30.9500	32.1000	30.0000	31.5500	233190
'2025/11/11 00:00	31.8500	34.4000	31.5000	33.2000	527904
'2025/11/12 00:00	33.4500	36.5000	32.7500	36.5000	497792
'2025/11/13 00:00	36.9000	37.7500	34.8000	35.6500	616132
'2025/11/14 00:00	33.8000	35.3000	33.0000	34.1500	247627
'2025/11/17 00:00	35.8500	36.6500	34.2000	35.0000	264950
'2025/11/18 00:00	34.8000	37.0000	34.5500	35.9000	466819
'2025/11/19 00:00	35.5000	38.4500	34.9500	35.3500	518120
'2025/11/20 00:00	36.8500	37.5500	33.4500	35.4000	496825
'2025/11/21 00:00	33.5000	34.2500	32.0000	33.0000	271298
'2025/11/24 00:00	33.7000	34.3000	32.0000	32.1000	216573
'2025/11/25 00:00	33.6000	34.2000	33.0000	33.3000	174072
'2025/11/26 00:00	33.7500	33.7500	31.0000	31.6500	229552
'2025/11/27 00:00	32.2500	33.3000	32.2500	33.1500	136284
'2025/11/28 00:00	33.3000	34.9000	32.8000	34.1000	207771
'2025/12/01 00:00	34.5000	35.0000	33.1000	34.0000	164351
'2025/12/02 00:00	34.4000	34.5000	32.7500	32.8000	213810
'2025/12/03 00:00	33.0000	33.3500	32.0500	32.1000	122682
'2025/12/04 00:00	32.2000	32.5000	31.4500	32.3000	101394
'2025/12/05 00:00	32.1500	33.1000	31.7000	32.9000	109156
'2025/12/08 00:00	33.3500	34.7500	33.2500	34.1500	250646
'2025/12/09 00:00	34.6500	35.5000	34.3000	35.3000	260440
'2025/12/10 00:00	35.8000	36.5000	34.2000	34.7000	259174
'2025/12/11 00:00	35.2000	35.5000	33.8000	33.8000	148716
'2025/12/12 00:00	34.0000	35.8000	34.0000	35.1000	222131
'2025/12/15 00:00	34.3000	35.2500	33.1000	34.9500	127087
'2025/12/16 00:00	34.7000	34.7000	33.2000	33.8000	123486
'2025/12/17 00:00	34.1000	35.0000	33.3000	34.8000	155934
'2025/12/18 00:00	34.7500	35.9000	34.7000	35.5000	221131
'2025/12/19 00:00	36.6500	37.3500	35.2000	36.8000	335543
'2025/12/22 00:00	38.8000	40.4500	38.7500	40.4500	475298
'2025/12/23 00:00	41.9500	42.2000	38.8000	39.0000	537713
'2025/12/24 00:00	39.3500	40.4000	38.5000	40.4000	260913
'2025/12/26 00:00	41.5500	42.2000	40.0000	40.0500	313535
'2025/12/29 00:00	40.4500	40.6500	39.2000	39.6500	154796
'2025/12/30 00:00	39.7000	41.1000	39.5000	40.2500	209568
'2025/12/31 00:00	40.8000	41.3000	39.5500	39.5500	193419
'2026/01/02 00:00	39.8500	42.2000	39.3000	42.1000	351741
'2026/01/05 00:00	43.6000	44.7000	42.6000	43.4500	387783
'2026/01/06 00:00	43.5000	47.7500	43.1000	47.7500	445452
'2026/01/07 00:00	50.0000	50.5000	48.0000	49.2000	533707
'2026/01/08 00:00	48.6000	50.2000	47.3000	49.6500	309334
'2026/01/09 00:00	48.0000	49.4500	44.7000	47.5000	100432
'2026/01/12 00:00	49.0000	50.0000	48.0000	49.8000	70303
'2026/01/13 00:00	51.0000	51.0000	48.0000	50.7000	73239
'2026/01/14 00:00	50.7000	51.3000	50.1000	50.6000	45042
'2026/01/15 00:00	51.0000	51.3000	49.8500	51.3000	53679
'2026/01/16 00:00	53.0000	56.4000	52.5000	56.4000	109481
'2026/01/19 00:00	62.0000	62.0000	62.0000	62.0000	23730
'2026/01/20 00:00	58.5000	68.2000	58.5000	68.2000	193125
'2026/01/21 00:00	67.0000	68.5000	61.6000	62.6000	179931
'2026/01/22 00:00	66.1000	66.2000	62.7000	63.6000	101244
'2026/01/23 00:00	64.8000	64.8000	58.2000	58.5000	332613
'2026/01/26 00:00	58.5000	63.7000	58.5000	60.6000	314932
'2026/01/27 00:00	60.6000	62.1000	57.7000	59.5000	264022
'2026/01/28 00:00	61.7000	65.4000	61.7000	65.4000	359304
'2026/01/29 00:00	67.0000	69.5000	63.3000	65.1000	589319
'2026/01/30 00:00	65.1000	70.7000	65.1000	69.5000	499744
'2026/02/02 00:00	66.3000	66.9000	62.6000	62.6000	279678
'2026/02/03 00:00	66.0000	67.4000	57.9000	59.7000	306389
'2026/02/04 00:00	60.0000	65.6000	59.9000	65.6000	221775
'2026/02/05 00:00	63.0000	64.7000	61.5000	62.8000	202192
'2026/02/06 00:00	62.7000	66.3000	60.0000	63.5000	339230
'2026/02/09 00:00	67.8000	68.5000	63.7000	63.8000	292555
'2026/02/10 00:00	64.3000	65.9000	62.6000	64.3000	191830
'2026/02/11 00:00	63.0000	65.5000	62.8000	63.1000	213200
'2026/02/23 00:00	65.8000	68.9000	65.3000	67.0000	256031
'2026/02/24 00:00	67.9000	73.7000	66.1000	73.7000	334495
'2026/02/25 00:00	74.7000	77.0000	72.6000	76.8000	485084
'2026/02/26 00:00	76.8000	78.9000	75.4000	76.7000	320675
'2026/03/02 00:00	71.4000	77.8000	71.4000	74.8000	246397
'2026/03/03 00:00	76.2000	77.0000	67.4000	68.2000	370610
'2026/03/04 00:00	63.2000	65.4000	61.4000	61.4000	208198
'2026/03/05 00:00	66.4000	67.4000	63.4000	64.4000	210769
'2026/03/06 00:00	63.9000	66.3000	63.3000	64.3000	143507
'2026/03/09 00:00	58.0000	59.4000	57.9000	59.4000	134261
'2026/03/10 00:00	63.8000	64.2000	60.5000	62.2000	139550
'2026/03/11 00:00	64.0000	67.5000	63.5000	66.3000	169069
'2026/03/12 00:00	66.6000	66.8000	63.1000	63.1000	169824
'2026/03/13 00:00	62.0000	64.8000	61.9000	64.3000	135401
'2026/03/16 00:00	65.7000	67.4000	65.1000	65.2000	253423
'2026/03/17 00:00	67.1000	71.7000	66.8000	71.7000	390907
'2026/03/18 00:00	76.0000	76.2000	70.7000	71.9000	401780
'2026/03/19 00:00	70.1000	77.8000	68.6000	75.0000	510712
'2026/03/20 00:00	77.1000	78.0000	71.7000	75.5000	526951
'2026/03/23 00:00	71.0000	72.3000	68.6000	69.1000	241504
'2026/03/24 00:00	71.3000	71.4000	62.5000	62.7000	366913
'2026/03/25 00:00	64.1000	66.2000	62.1000	65.0000	277644
'2026/03/26 00:00	65.3000	67.5000	62.8000	62.8000	287914
'2026/03/27 00:00	60.5000	61.2000	57.1000	59.2000	220650
'2026/03/30 00:00	57.5000	60.1000	57.0000	58.1000	205018
'2026/03/31 00:00	55.0000	55.7000	52.4000	53.1000	205532
'2026/04/01 00:00	57.0000	57.0000	54.3000	54.9000	147374
'2026/04/02 00:00	56.5000	57.2000	53.5000	53.5000	155051
'2026/04/07 00:00	55.0000	55.4000	52.7000	54.0000	95813
'2026/04/08 00:00	55.9000	57.9000	55.8000	57.6000	114553
'2026/04/09 00:00	58.0000	58.0000	53.8000	54.0000	132715
'2026/04/10 00:00	54.9000	57.0000	54.1000	55.4000	133403
'2026/04/13 00:00	55.4000	55.5000	53.6000	54.5000	101179
'2026/04/14 00:00	55.5000	56.4000	54.5000	54.6000	109022
'2026/04/15 00:00	55.8000	56.2000	53.1000	53.2000	100511
'2026/04/16 00:00	53.3000	54.3000	52.4000	54.0000	85409
'2026/04/17 00:00	53.6000	54.3000	52.5000	52.6000	86009
'2026/04/20 00:00	52.7000	52.9000	51.0000	51.4000	98293
'2026/04/21 00:00	52.5000	54.3000	52.5000	54.0000	108586
'2026/04/22 00:00	56.0000	58.5000	54.9000	57.0000	218696
'2026/04/23 00:00	58.9000	59.1000	52.0000	52.9000	207870
'2026/04/24 00:00	53.8000	53.8000	51.6000	52.9000	80614
'2026/04/27 00:00	53.3000	56.2000	53.0000	54.5000	144355
'2026/04/28 00:00	55.2000	55.7000	54.2000	55.0000	101123
'2026/04/29 00:00	54.8000	55.2000	53.5000	53.5000	63189
'2026/04/30 00:00	53.9000	54.0000	51.8000	51.9000	93645
'2026/05/04 00:00	52.7000	53.5000	51.6000	53.1000	96508
'2026/05/05 00:00	53.4000	55.5000	52.9000	55.4000	105679
'2026/05/06 00:00	58.8000	59.8000	56.3000	58.1000	244406
'2026/05/07 00:00	60.5000	63.9000	58.0000	63.9000	305624
'2026/05/08 00:00	65.0000	66.5000	60.1000	61.4000	439534
'2026/05/11 00:00	64.9000	66.0000	62.5000	62.5000	281489
'2026/05/12 00:00	63.0000	63.3000	60.4000	62.1000	168156
'2026/05/13 00:00	60.7000	60.8000	59.0000	60.5000	111140
'2026/05/14 00:00	61.8000	63.4000	60.8000	62.2000	189317
'2026/05/15 00:00	63.0000	67.0000	62.3000	62.8000	354995


【資料來源：三竹股市電腦版】